1.000000000 -0.000000000 0.000000000 -0.000000060 -0.000000000 1.000000000 0.000000000 0.000000015 0.000000000 0.000000000 1.000000000 0.000000000
0.999989986 -0.002517909 -0.003711444 0.003668225 0.002506139 0.999991775 -0.003172285 0.009730435 0.003719401 0.003162951 0.999988139 0.668863595
0.999970078 -0.001298447 -0.007621857 -0.011156919 0.001262460 0.999988019 -0.004724363 0.002899709 0.007627901 0.004714600 0.999959707 1.340168595
0.999940515 -0.001674135 -0.010769900 -0.040250454 0.001613864 0.999983132 -0.005602468 -0.010339889 0.010779095 0.005584755 0.999926269 2.021416187
0.999865294 -0.000544156 -0.016404487 -0.049901050 0.000435947 0.999978125 -0.006599138 -0.006579948 0.016407717 0.006591098 0.999843657 2.753547430
0.999829948 0.000099387 -0.018433606 -0.136928141 -0.000241113 0.999970376 -0.007686407 -0.002225053 0.018432295 0.007689545 0.999800563 3.471381664
0.999754012 0.001294720 -0.022135213 -0.167078584 -0.001489923 0.999960124 -0.008804457 -0.009117818 0.022122931 0.008835274 0.999716282 4.199086666
0.999569416 0.004291781 -0.029026926 -0.150638267 -0.004541734 0.999953091 -0.008550632 -0.043593630 0.028988874 0.008678785 0.999542058 4.933160305
0.999590218 0.006594172 -0.027854072 -0.306589246 -0.006750771 0.999961913 -0.005531847 -0.088921428 0.027816527 0.005717617 0.999596655 5.555757523
0.999445856 0.005666060 -0.032800443 -0.327245235 -0.005769102 0.999978721 -0.003047683 -0.096935011 0.032782473 0.003235223 0.999457240 6.347196579
0.999128103 0.002913390 -0.041647293 -0.218278229 -0.002953437 0.999995291 -0.000900068 -0.080366857 0.041644476 0.001022286 0.999131918 7.232263088
0.999062061 0.004558534 -0.043060731 -0.290933430 -0.004634460 0.999987900 -0.001663549 -0.084014013 0.043052625 0.001861551 0.999071062 8.042892456
0.998965323 0.004048621 -0.045296066 -0.331826717 -0.004104611 0.999990940 -0.001143158 -0.102153547 0.045291021 0.001327899 0.998972952 8.864823341
0.998863280 0.001308686 -0.047648851 -0.372993767 -0.001400060 0.999997258 -0.001884342 -0.103813127 0.047646251 0.001948911 0.998862386 9.710089684
0.998751163 0.001265188 -0.049944811 -0.413240910 -0.001345298 0.999997854 -0.001570385 -0.103640921 0.049942721 0.001635615 0.998750865 10.554083824
0.998680413 -0.000163777 -0.051356521 -0.451701760 0.000071469 0.999998331 -0.001799238 -0.110924102 0.051356744 0.001793194 0.998678803 11.392769814
0.998606682 0.002899919 -0.052689526 -0.506130219 -0.003091060 0.999988914 -0.003546540 -0.136887297 0.052678652 0.003704464 0.998604655 12.219187737
0.998536050 0.003374970 -0.053984422 -0.554004610 -0.003700958 0.999975562 -0.005939730 -0.148485899 0.053963054 0.006130828 0.998524070 13.058277130
0.998466194 0.007586095 -0.054842170 -0.608326197 -0.008009314 0.999939859 -0.007501367 -0.159012765 0.054781970 0.007929109 0.998466790 13.913501740
0.998343050 0.009715145 -0.056715813 -0.652765870 -0.010153230 0.999920726 -0.007441152 -0.177799314 0.056639038 0.008004672 0.998362720 14.817673683
0.998246789 0.008441120 -0.058583852 -0.698296130 -0.008791752 0.999944985 -0.005729938 -0.192017630 0.058532272 0.006234948 0.998266160 15.706420898
0.998161674 0.009774816 -0.059814166 -0.759197533 -0.010091169 0.999936640 -0.004989139 -0.195955992 0.059761602 0.005583563 0.998197079 16.623727798
0.998111010 0.009251772 -0.060736690 -0.818331540 -0.009540886 0.999944568 -0.004471823 -0.211771816 0.060691949 0.005042857 0.998143852 17.526956558
0.998029947 0.008117235 -0.062211990 -0.874490917 -0.008468718 0.999949634 -0.005388130 -0.213722542 0.062165122 0.005904370 0.998048425 18.447874069
0.997999251 0.007358261 -0.062796056 -0.933394372 -0.007792568 0.999947429 -0.006674037 -0.225708395 0.062743641 0.007150026 0.998004138 19.338552475
0.997919381 0.005787857 -0.064213499 -0.947059512 -0.006061447 0.999973357 -0.004066623 -0.238995358 0.064188249 0.004447390 0.997927904 20.236505508
0.997911155 0.007763815 -0.064135000 -1.006689429 -0.007832726 0.999969006 -0.000823089 -0.253534228 0.064126626 0.001323721 0.997940958 21.155292511
0.997970998 0.008841661 -0.063053310 -1.069329619 -0.008672526 0.999957979 0.002955579 -0.258715928 0.063076794 -0.002402749 0.998005867 22.092075348
0.998051941 0.007599229 -0.061923638 -1.122153401 -0.007270656 0.999958277 0.005529688 -0.265084386 0.061963074 -0.005068690 0.998065710 23.035493851
0.998128295 0.008372580 -0.060577963 -1.185889482 -0.008014006 0.999948919 0.006159729 -0.271566749 0.060626432 -0.005662728 0.998144448 23.993368149
0.998194933 0.008745774 -0.059416052 -1.245056033 -0.008560928 0.999957681 0.003364896 -0.275481254 0.059442975 -0.002850165 0.998227656 24.923347473
0.998212397 0.010963626 -0.058751252 -1.285853267 -0.011086929 0.999936998 -0.001773141 -0.282733917 0.058728114 0.002421342 0.998271108 25.885454178
0.998279691 0.009866980 -0.057795607 -1.343360305 -0.010140226 0.999938786 -0.004436407 -0.293292582 0.057748303 0.005014837 0.998318553 26.840143204
0.998352289 0.008619422 -0.056730777 -1.402103066 -0.008856817 0.999953032 -0.003934500 -0.306444615 0.056694210 0.004430471 0.998381793 27.811508179
0.998367488 0.006432808 -0.056754492 -1.441174030 -0.006360671 0.999978721 0.001451633 -0.327175379 0.056762625 -0.001088266 0.998387158 28.766233444
0.998298764 0.002247579 -0.058259826 -1.483182788 -0.001956660 0.999985337 0.005050038 -0.337621510 0.058270324 -0.004927454 0.998288691 29.753469467
0.998240292 -0.003936810 -0.059166901 -1.515185118 0.004197333 0.999981999 0.004279546 -0.354943097 0.059148990 -0.004520358 0.998238921 30.681268692
0.998161137 -0.005812755 -0.060335923 -1.581578493 0.005852540 0.999982893 0.000482698 -0.367808700 0.060332071 -0.000834928 0.998178184 31.627994537
0.998060822 -0.004958169 -0.062046517 -1.633692622 0.004750706 0.999982536 -0.003490738 -0.378877223 0.062062748 0.003189206 0.998067141 32.581947327
0.997965455 -0.003558996 -0.063657492 -1.709074259 0.003294394 0.999985456 -0.004261134 -0.389172494 0.063671730 0.004042751 0.997962654 33.579647064
0.997927666 -0.003304351 -0.064260505 -1.770880461 0.003117435 0.999990642 -0.003008777 -0.401391983 0.064269826 0.002802214 0.997928560 34.551780701
0.997916639 0.000168807 -0.064515434 -1.880963922 -0.000176879 1.000000000 -0.000119404 -0.411140084 0.064515404 0.000130567 0.997916758 35.522022247
0.997876227 0.000807049 -0.065131985 -1.953458548 -0.000741904 0.999999166 0.001024366 -0.429995686 0.065132752 -0.000973869 0.997876167 36.472148895
0.997802198 0.001998129 -0.066231586 -2.022135735 -0.001734918 0.999990344 0.004031384 -0.443288207 0.066239007 -0.003907617 0.997796059 37.427516937
0.997850895 0.002630374 -0.065471888 -2.100203037 -0.002179638 0.999973416 0.006954886 -0.449925005 0.065488443 -0.006797236 0.997830272 38.419445038
0.997761250 0.008904595 -0.066280767 -2.181484699 -0.008315791 0.999923527 0.009154108 -0.455030233 0.066357218 -0.008582438 0.997758985 39.453639984
0.997750461 0.008349382 -0.066516086 -2.235381603 -0.007792664 0.999932468 0.008624758 -0.460990608 0.066583604 -0.008087018 0.997748077 40.387462616
0.997707784 0.009317270 -0.067024611 -2.276196241 -0.008880313 0.999937356 0.006814367 -0.464434683 0.067083888 -0.006203549 0.997728109 41.352283478
0.997639835 0.011586772 -0.067678899 -2.338160276 -0.011324947 0.999926925 0.004251056 -0.466124058 0.067723215 -0.003474564 0.997698069 42.352188110
0.997532785 0.011523404 -0.069249734 -2.398884773 -0.011209008 0.999925077 0.004926925 -0.483918488 0.069301322 -0.004138548 0.997587204 43.376811981
0.997477293 0.009480910 -0.070349410 -2.457927704 -0.009112944 0.999943018 0.005549648 -0.480449021 0.070398025 -0.004894558 0.997506976 44.359237671
0.997448623 0.010708074 -0.070579261 -2.516141415 -0.010251653 0.999924123 0.006825828 -0.491784275 0.070646994 -0.006084859 0.997482836 45.290050507
0.997347593 0.013775884 -0.071469709 -2.598127365 -0.013624535 0.999903798 0.002604666 -0.499041319 0.071498707 -0.001624015 0.997439384 46.323783875
0.997198761 0.013650085 -0.073540971 -2.659902334 -0.013776547 0.999904394 -0.001212682 -0.507957757 0.073517397 0.002222427 0.997291446 47.289871216
0.997140646 0.014502082 -0.074164264 -2.743744612 -0.014747850 0.999887407 -0.002767220 -0.515746474 0.074115761 0.003853071 0.997242212 48.250179291
0.997139096 0.014226087 -0.074238591 -2.809222221 -0.014210573 0.999898791 0.000737237 -0.533113480 0.074241549 0.000319846 0.997240245 49.220153809
0.997159779 0.011491228 -0.074434064 -2.899876118 -0.011241345 0.999929726 0.003775231 -0.539228857 0.074472204 -0.002927769 0.997218788 50.195251465
0.997158766 0.009606522 -0.074713930 -2.963619709 -0.009306373 0.999947250 0.004364417 -0.546205640 0.074751906 -0.003656700 0.997195482 51.151725769
0.997128665 0.005945689 -0.075492971 -3.049819469 -0.005731941 0.999979079 0.003047718 -0.556781828 0.075509481 -0.002606245 0.997141719 52.147422791
0.997171998 0.003612310 -0.075066857 -3.129570723 -0.003502957 0.999992669 0.001588358 -0.565691471 0.075072028 -0.001320911 0.997177243 53.075675964
0.997083426 0.002142036 -0.076290064 -3.211914301 -0.001892323 0.999992609 0.003345352 -0.584776878 0.076296665 -0.003191228 0.997080088 54.015457153
0.997018158 -0.000208270 -0.077167511 -3.287137985 0.000733769 0.999976695 0.006781565 -0.584918618 0.077164307 -0.006817964 0.996995091 54.945224762
0.996954083 -0.001541714 -0.077975512 -3.360834599 0.002560198 0.999912620 0.012963306 -0.607574880 0.077948712 -0.013123455 0.996870995 55.900836945
0.996915102 0.001012698 -0.078480937 -3.426387548 0.000187197 0.999883115 0.015280129 -0.618567765 0.078487247 -0.015247684 0.996798456 56.835025787
0.996644616 0.001269243 -0.081840232 -3.473096848 -0.000346359 0.999936223 0.011289873 -0.611938775 0.081849344 -0.011223646 0.996581614 57.796966553
0.996491611 0.004016044 -0.083596267 -3.521818638 -0.003705298 0.999985635 0.003872036 -0.632151186 0.083610624 -0.003548705 0.996492147 58.672763824
0.996394396 0.004885860 -0.084701605 -3.593926430 -0.004991237 0.999987006 -0.001032375 -0.643010974 0.084695444 0.001451419 0.996405840 59.575157166
0.996260524 0.009943211 -0.085825861 -3.673152447 -0.009994962 0.999949992 -0.000173294 -0.652546704 0.085819855 0.001030473 0.996310115 60.471157074
0.996096909 0.012874128 -0.087322436 -3.754976511 -0.012700985 0.999916136 0.002538145 -0.672793508 0.087347783 -0.001419157 0.996176779 61.352783203
0.996031106 0.014786055 -0.087768361 -3.842973471 -0.014459534 0.999885917 0.004354844 -0.690449834 0.087822758 -0.003068469 0.996131420 62.190948486
0.995906889 0.015350410 -0.089072146 -3.915526867 -0.015058014 0.999878824 0.003953772 -0.694820225 0.089122042 -0.002596339 0.996017337 63.034194946
0.995760202 0.017730238 -0.090262197 -4.004728317 -0.017373076 0.999837875 0.004741199 -0.706259012 0.090331636 -0.003152967 0.995906711 63.873073578
0.995547354 0.017865805 -0.092553675 -4.063753128 -0.017417114 0.999832332 0.005653408 -0.720166564 0.092639171 -0.004016218 0.995691717 64.686378479
0.995393872 0.018027805 -0.094159797 -4.121352196 -0.017518144 0.999827087 0.006236593 -0.735409260 0.094255969 -0.004558362 0.995537579 65.480537415
0.995284855 0.017527632 -0.095398463 -4.215552330 -0.016886216 0.999829173 0.007526790 -0.742835879 0.095514111 -0.005880382 0.995410740 66.308326721
0.995076776 0.020581648 -0.096947514 -4.298148155 -0.019706516 0.999756038 0.009975856 -0.745325267 0.097129211 -0.008016245 0.995239496 67.111579895
0.994987905 0.021504246 -0.097655758 -4.400224686 -0.020232422 0.999697506 0.013995293 -0.744213164 0.097927153 -0.011949337 0.995121896 67.906036377
0.994751155 0.024493326 -0.099348322 -4.478602409 -0.023041727 0.999610722 0.015732599 -0.747735858 0.099694982 -0.013360865 0.994928360 68.670997620
0.994508803 0.027382890 -0.101006784 -4.548668861 -0.026330687 0.999584496 0.011735851 -0.755214155 0.101286151 -0.009011830 0.994816542 69.407546997
0.994363606 0.027070843 -0.102508746 -4.626018524 -0.026727196 0.999631524 0.004724640 -0.769074917 0.102598861 -0.001958239 0.994720936 70.127609253
0.994187236 0.026027685 -0.104472339 -4.689760208 -0.026294755 0.999653518 -0.001179621 -0.773813784 0.104405440 0.003919838 0.994527102 70.828491211
0.994086266 0.027129363 -0.105149701 -4.756084442 -0.027514990 0.999619067 -0.002218252 -0.779737234 0.105049469 0.005098327 0.994453907 71.518997192
0.993904293 0.029898942 -0.106114686 -4.828334332 -0.029934451 0.999551058 0.001258431 -0.787835777 0.106104665 0.001925725 0.994353116 72.185554504
0.993744016 0.030433526 -0.107454732 -4.898838997 -0.030193264 0.999536514 0.003862510 -0.807879210 0.107522495 -0.000593936 0.994202435 72.816505432
0.993779242 0.026749855 -0.108107112 -4.979063511 -0.026854539 0.999639213 0.000487649 -0.818008006 0.108081162 0.002418552 0.994139135 73.441474915
0.993950307 0.018876219 -0.108196780 -5.038564682 -0.019480012 0.999800146 -0.004526244 -0.828544497 0.108089708 0.006606538 0.994119227 74.032226562
0.994079530 0.014703326 -0.107656337 -5.087979317 -0.015765049 0.999835134 -0.009017682 -0.849025369 0.107506000 0.010661500 0.994147360 74.612754822
0.994441509 0.017352603 -0.103851303 -5.168166161 -0.018415879 0.999787331 -0.009288307 -0.859411955 0.103668034 0.011149192 0.994549513 75.221229553
0.994759500 0.022143677 -0.099816203 -5.227832794 -0.022959381 0.999711692 -0.007030617 -0.852666497 0.099631749 0.009285492 0.994981110 75.782722473
0.995063424 0.020610297 -0.097077906 -5.213402748 -0.021062948 0.999771595 -0.003640167 -0.872295737 0.096980691 0.005666945 0.995270193 76.326469421
0.995797396 0.017184583 -0.089957811 -5.302635193 -0.017272836 0.999850869 -0.000202569 -0.864483893 0.089940906 0.001755544 0.995945573 76.880905151
0.996520102 0.013117939 -0.082315296 -5.326625347 -0.012882743 0.999911368 0.003387765 -0.879406214 0.082352430 -0.002315528 0.996600568 77.398811340
0.997279823 0.016115803 -0.071926348 -5.355813026 -0.015949836 0.999868691 0.002881233 -0.887162626 0.071963325 -0.001726181 0.997405767 77.900054932
0.998202622 0.021307744 -0.056014113 -5.416699409 -0.021201648 0.999772191 0.002487851 -0.892638087 0.056054357 -0.001295788 0.998426974 78.414154053
0.998951674 0.026462425 -0.037355687 -5.457731247 -0.026378304 0.999648333 0.002743063 -0.898792565 0.037415132 -0.001754807 0.999298334 78.894668579
0.999569118 0.024616243 -0.015986511 -5.441946983 -0.024569605 0.999693274 0.003107050 -0.908598900 0.016058095 -0.002712928 0.999867380 79.346656799
0.999729872 0.021053167 0.009847285 -5.411761284 -0.021095190 0.999768734 0.004183409 -0.920986891 -0.009756934 -0.004390010 0.999942780 79.810264587
0.999027371 0.020155363 0.039218508 -5.360366821 -0.020376040 0.999778688 0.005235241 -0.926968455 -0.039104305 -0.006029267 0.999216914 80.272880554
0.997175753 0.020452976 0.072264865 -5.316074371 -0.020940118 0.999762774 0.005989798 -0.925001979 -0.072125211 -0.007486116 0.997367442 80.720771790
0.993850529 0.019247621 0.109043524 -5.241710663 -0.020082651 0.999776781 0.006564606 -0.940568805 -0.108892843 -0.008714123 0.994015276 81.149185181
0.988315642 0.020374922 0.151053056 -5.157097816 -0.021439655 0.999755442 0.005423302 -0.934571445 -0.150905624 -0.008598460 0.988510787 81.570205688
0.980259836 0.020367073 0.196661696 -5.044732094 -0.021627009 0.999757051 0.004260942 -0.931378782 -0.196527138 -0.008430034 0.980462193 82.001823425
0.969093740 0.021723209 0.245734528 -4.925872803 -0.022963304 0.999733925 0.002181876 -0.945999086 -0.245621741 -0.007757319 0.969334662 82.383666992
0.954697967 0.023983605 0.296608627 -4.742719650 -0.024372200 0.999700129 -0.002388083 -0.942196369 -0.296576977 -0.004949105 0.954996109 82.769386292
0.936174512 0.024112193 0.350707591 -4.552467346 -0.024034996 0.999700725 -0.004573689 -0.955747485 -0.350712836 -0.004147484 0.936473846 83.108970642
0.913471222 0.021831721 0.406317204 -4.353860855 -0.021223176 0.999756694 -0.006004297 -0.983299494 -0.406349540 -0.003138589 0.913712323 83.412422180
0.884865463 0.021804614 0.465336144 -4.142078400 -0.020608876 0.999758244 -0.007657403 -0.998843908 -0.465390623 -0.002814283 0.885100961 83.752166748
0.853595853 0.020379191 0.520537078 -3.883792877 -0.017404618 0.999792278 -0.010601461 -1.006344318 -0.520645022 -0.000010384 0.853773236 84.032470703
0.817051351 0.019802645 0.576224685 -3.647441864 -0.015499569 0.999803126 -0.012381984 -1.015833020 -0.576356471 0.001185484 0.817197561 84.323326111
0.776214421 0.019393418 0.630170643 -3.379299164 -0.014294609 0.999811172 -0.013161631 -1.015197754 -0.630306959 0.001208205 0.776345134 84.628494263
0.736620665 0.017755149 0.676073015 -3.075912476 -0.015103648 0.999837875 -0.009801622 -1.043468952 -0.676137328 -0.002991090 0.736769438 84.839340210
0.692081392 0.016967397 0.721620023 -2.779323578 -0.013944336 0.999851346 -0.010135891 -1.049014568 -0.721684635 -0.003047650 0.692215145 85.064994812
0.646593809 0.015278756 0.762681484 -2.469394684 -0.010545298 0.999882936 -0.011090398 -1.064405322 -0.762761474 -0.000871721 0.646679223 85.256698608
0.600559831 0.012903260 0.799475789 -2.117965698 -0.003335090 0.999901474 -0.013632773 -1.062889099 -0.799572825 0.005520972 0.600543678 85.459098816
0.551713467 0.014236440 0.833912194 -1.767089844 -0.004390922 0.999890029 -0.014164970 -1.080196977 -0.834022164 0.004153362 0.551715314 85.678787231
0.506244004 0.017028227 0.862222135 -1.425846100 -0.007748168 0.999854505 -0.015197112 -1.091174483 -0.862355471 0.001012806 0.506302297 85.821670532
0.459748983 0.019504469 0.887834609 -1.059707642 -0.007047989 0.999807417 -0.018314678 -1.092475891 -0.888020873 0.002162704 0.459797949 85.983139038
0.417717010 0.017339576 0.908411682 -0.740650177 -0.000825985 0.999824822 -0.018704632 -1.106845856 -0.908576787 0.007062910 0.417658091 86.082092285
0.378021449 0.009639112 0.925746560 -0.386606216 0.014544381 0.999760568 -0.016348848 -1.112566590 -0.925682664 0.019644625 0.377790719 86.176193237
0.343007982 0.006072547 0.939312756 -0.031753540 0.018519260 0.999741077 -0.013225866 -1.118416786 -0.939149916 0.021931956 0.342806697 86.265815735
0.309912622 0.009673832 0.950715840 0.327856064 0.016349912 0.999746263 -0.015502444 -1.134662390 -0.950624466 0.020348525 0.309675694 86.369064331
0.279636800 0.017398223 0.959948242 0.686691284 0.006232908 0.999781787 -0.019935843 -1.148805141 -0.960085690 0.011558064 0.279467344 86.465713501
0.250093639 0.021393331 0.967985213 1.042900085 0.002029000 0.999741971 -0.022619409 -1.174041390 -0.968219578 0.007621014 0.249985769 86.561050415
0.224402666 0.023080057 0.974223077 1.432758331 0.003599857 0.999692976 -0.024512647 -1.190011501 -0.974489927 0.009007770 0.224250749 86.634620667
0.201825142 0.024363784 0.979118466 1.841247559 0.010450376 0.999580085 -0.027027067 -1.206206322 -0.979365826 0.015686899 0.201485738 86.682189941
0.181229979 0.030701490 0.982961416 2.257674217 0.017563945 0.999252141 -0.034448601 -1.207458019 -0.983283937 0.023507800 0.180555195 86.741676331
0.161181301 0.037465055 0.986213446 2.655585289 0.019386817 0.998966336 -0.041117992 -1.212885141 -0.986734569 0.025746997 0.160288364 86.807151794
0.143420443 0.038625918 0.988907814 3.092743874 0.016950157 0.998995662 -0.041478213 -1.227185845 -0.989516854 0.022710964 0.142621681 86.871208191
0.128520757 0.034058530 0.991121829 3.530004501 0.016127985 0.999206126 -0.036427673 -1.251677275 -0.991575658 0.020666512 0.127869442 86.910522461
0.114133254 0.030988719 0.992982030 4.001149178 0.017130794 0.999303341 -0.033155002 -1.270690322 -0.993317783 0.020794660 0.113522902 86.960441589
0.101403065 0.027990375 0.994451582 4.477380753 0.018806322 0.999371529 -0.030046515 -1.299370289 -0.994667590 0.021748789 0.100812949 86.987480164
0.089572065 0.027295813 0.995606244 4.983125687 0.022835238 0.999305308 -0.029451657 -1.315477371 -0.995718479 0.025372948 0.088886529 87.029350281
0.078971490 0.027846260 0.996487916 5.492929935 0.026733041 0.999191105 -0.030040396 -1.328190804 -0.996518373 0.029011486 0.078163214 87.072578430
0.071258761 0.028935563 0.997038066 6.017500877 0.028748866 0.999104321 -0.031050231 -1.338027716 -0.997043490 0.030876322 0.070363097 87.108352661
0.065909006 0.028731311 0.997411847 6.561027527 0.031597745 0.999023974 -0.030865723 -1.363055229 -0.997325182 0.033550296 0.064936824 87.137817383
0.060587890 0.029570825 0.997724712 7.107912064 0.032602943 0.998969078 -0.031587552 -1.382071257 -0.997630298 0.034442585 0.059561338 87.167503357
0.053946275 0.030481318 0.998078465 7.697134018 0.033586007 0.998913169 -0.032322127 -1.398413181 -0.997978866 0.035265129 0.052863885 87.210556030
0.049264416 0.030276733 0.998326778 8.297754288 0.036226876 0.998828530 -0.032079641 -1.419296265 -0.998128593 0.037746646 0.048109878 87.246887207
0.046802279 0.030461524 0.998439550 8.935468674 0.037625186 0.998771906 -0.032235347 -1.435129881 -0.998195350 0.039075155 0.045598675 87.268325806
0.043942895 0.029651891 0.998593867 9.569732666 0.038751479 0.998756588 -0.031361971 -1.465863228 -0.998282254 0.040075123 0.042739194 87.282737732
0.041493688 0.029242387 0.998710692 10.209643364 0.040978830 0.998680770 -0.030944064 -1.484676123 -0.998298049 0.042209979 0.040240631 87.307228088
0.041133173 0.028673338 0.998742163 10.888580322 0.045366917 0.998503685 -0.030534923 -1.507602692 -0.998123229 0.046565849 0.039770801 87.324798584
0.042191438 0.028314425 0.998708129 11.585081100 0.049105376 0.998331547 -0.030378249 -1.529456615 -0.997902095 0.050323650 0.040730655 87.350486755
0.044209234 0.027940845 0.998631418 12.291433334 0.050908025 0.998247087 -0.030183779 -1.554713488 -0.997724354 0.052172761 0.042709332 87.388175964
0.048360076 0.027973332 0.998438120 12.976345062 0.053385761 0.998106539 -0.030549817 -1.580272675 -0.997402251 0.054779775 0.046775136 87.424606323
0.052329391 0.027798804 0.998242855 13.696813583 0.053577539 0.998094678 -0.030603291 -1.604052901 -0.997191608 0.055084854 0.050740294 87.467864990
0.057107504 0.025959667 0.998030424 14.463441849 0.055607382 0.998027384 -0.029141454 -1.626780033 -0.996818244 0.057162054 0.055551309 87.504875183
0.061639979 0.024472544 0.997798324 15.232356071 0.055784412 0.998052299 -0.027924910 -1.647472382 -0.996538281 0.057382889 0.060154743 87.541137695
0.066488400 0.022141770 0.997541368 15.979251862 0.053067584 0.998260319 -0.025694801 -1.673582077 -0.996374965 0.054645531 0.065197714 87.585021973
0.070393637 0.021112636 0.997295737 16.786663055 0.052282259 0.998323798 -0.024824712 -1.696869850 -0.996148229 0.053888388 0.069171824 87.655998230
0.075354487 0.021886531 0.996916652 17.552759171 0.048909180 0.998474658 -0.025617667 -1.734391689 -0.995956659 0.050688777 0.074169114 87.687156677
0.077990614 0.025856234 0.996618748 18.348239899 0.046285138 0.998491824 -0.029526884 -1.771364093 -0.995879292 0.048431452 0.076676242 87.769340515
0.079711780 0.031085497 0.996333182 19.150394440 0.041312691 0.998551846 -0.034459952 -1.796918154 -0.995961428 0.043908071 0.078312136 87.841606140
0.079382934 0.034321140 0.996253252 19.968551636 0.038255647 0.998566031 -0.037449092 -1.833643317 -0.996110022 0.041085128 0.077956118 87.923194885
0.079684235 0.033475354 0.996258020 20.742021561 0.035597790 0.998702943 -0.036404748 -1.879519701 -0.996184409 0.038365465 0.078389220 87.965675354
0.080279671 0.032191247 0.996252477 21.560783386 0.032541323 0.998860955 -0.034897763 -1.911238194 -0.996241033 0.035220955 0.079140678 88.034713745
0.081683837 0.030947113 0.996177733 22.387649536 0.033641901 0.998862565 -0.033789068 -1.945336580 -0.996090353 0.036273334 0.080549814 88.064613342
0.082192324 0.029994858 0.996165097 23.174865723 0.030918866 0.998989046 -0.032630969 -1.989107847 -0.996136785 0.033482309 0.081181817 88.130043030
0.082375467 0.029930588 0.996151865 23.992156982 0.028115762 0.999081254 -0.032343596 -2.035508394 -0.996204615 0.030671883 0.081458271 88.228324890
0.081679195 0.030524271 0.996191144 24.807777405 0.025129298 0.999149978 -0.032675322 -2.072544575 -0.996341765 0.027702471 0.080842711 88.314437866
0.079956204 0.031552043 0.996298909 25.572967529 0.022334486 0.999191225 -0.033436049 -2.115215540 -0.996548057 0.024925243 0.079186834 88.391716003
0.078280151 0.031796400 0.996424198 26.421062469 0.019431733 0.999252677 -0.033413246 -2.147191048 -0.996742010 0.021977846 0.077603802 88.476402283
0.074948020 0.030569701 0.996718764 27.235651016 0.016577721 0.999353588 -0.031897079 -2.181894302 -0.997049689 0.018913949 0.074392810 88.538291931
0.069344096 0.028118040 0.997196496 28.055887222 0.015288536 0.999455452 -0.029244885 -2.217465401 -0.997475624 0.017273637 0.068876445 88.614715576
0.062240709 0.026604146 0.997706592 28.864433289 0.012471163 0.999545872 -0.027431194 -2.249114990 -0.997983277 0.014149897 0.061880670 88.685966492
0.054973140 0.025951896 0.998150527 29.645748138 0.012854472 0.999560952 -0.026696527 -2.292451859 -0.998405099 0.014298290 0.054615408 88.744873047
0.045950215 0.026784370 0.998584569 30.438743591 0.012665641 0.999544501 -0.027392929 -2.324624062 -0.998863518 0.013906426 0.045590051 88.788825989
0.036729679 0.027746314 0.998939991 31.238021851 0.012343284 0.999525547 -0.028216431 -2.351306438 -0.999249041 0.013366580 0.036369774 88.801567078
0.026596133 0.026559876 0.999293387 32.018371582 0.013617082 0.999544561 -0.026928969 -2.383064270 -0.999553502 0.014323667 0.026222354 88.806274414
0.015599587 0.025888940 0.999543071 32.844478607 0.013211682 0.999572158 -0.026095882 -2.409009457 -0.999791026 0.013612730 0.015250877 88.843360901
0.003562535 0.025009450 0.999680877 33.629642487 0.014593896 0.999579549 -0.025058920 -2.441941738 -0.999887168 0.014678514 0.003196052 88.865432739
-0.005931814 0.025616573 0.999654233 34.419063568 0.015277611 0.999557495 -0.025523439 -2.466419935 -0.999865711 0.015120927 -0.006320549 88.847137451
-0.017001029 0.026300564 0.999509573 35.208412170 0.014667334 0.999553025 -0.026052231 -2.496840239 -0.999747813 0.014217225 -0.017379191 88.836723328
-0.027535386 0.026504142 0.999269307 35.950546265 0.014304042 0.999556482 -0.026117599 -2.545828104 -0.999518454 0.013574434 -0.027902283 88.816970825
-0.037519537 0.027409034 0.998919845 36.706466675 0.014713253 0.999530613 -0.026873151 -2.580409765 -0.999187529 0.013689095 -0.037905198 88.770011902
-0.046123818 0.028356364 0.998533189 37.471618652 0.015448595 0.999497712 -0.027670162 -2.602935791 -0.998816252 0.014149679 -0.046538725 88.716239929
-0.057178717 0.028818708 0.997947991 38.233024597 0.016536053 0.999473512 -0.027915310 -2.632288456 -0.998227000 0.014905958 -0.057625160 88.691726685
-0.065380476 0.029292205 0.997430265 38.955078125 0.018168071 0.999438226 -0.028160274 -2.661855698 -0.997694969 0.016280252 -0.065875947 88.629020691
-0.073921010 0.028928492 0.996844411 39.690563202 0.019299312 0.999433398 -0.027572481 -2.688848019 -0.997077346 0.017200226 -0.074437432 88.568450928
-0.080871351 0.027762827 0.996337891 40.394908905 0.021397315 0.999429941 -0.026112201 -2.713466167 -0.996494830 0.019207222 -0.081419304 88.491004944
-0.086204872 0.026152160 0.995934069 41.110160828 0.024634149 0.999405682 -0.024111068 -2.741429567 -0.995972812 0.022455497 -0.086797871 88.426048279
-0.089261629 0.024140731 0.995715678 41.773216248 0.027500430 0.999384820 -0.021764394 -2.773513794 -0.995628417 0.025439879 -0.089870602 88.327781677
-0.092785463 0.023540897 0.995407820 42.520126343 0.029069327 0.999358356 -0.020924671 -2.791431189 -0.995261729 0.026994327 -0.093410254 88.283843994
-0.094318010 0.022580093 0.995286047 43.236694336 0.029250709 0.999373913 -0.019900901 -2.819025040 -0.995112360 0.027235800 -0.094919458 88.219078064
-0.095047526 0.022844406 0.995210648 43.876106262 0.029955935 0.999349594 -0.020078473 -2.845547199 -0.995021939 0.027904060 -0.095670030 88.141326904
-0.093794502 0.024100374 0.995299816 44.511169434 0.030901100 0.999295950 -0.021285085 -2.866743088 -0.995111942 0.028759439 -0.094473191 88.067459106
-0.090256371 0.025649574 0.995588183 45.108379364 0.032729752 0.999204695 -0.022775585 -2.889113188 -0.995380580 0.030529719 -0.091024086 87.991981506
-0.084901392 0.026210779 0.996044517 45.735481262 0.032758787 0.999186933 -0.023501158 -2.910109997 -0.995850682 0.030633934 -0.085690990 87.930465698
-0.077154510 0.027131980 0.996649981 46.295043945 0.032228019 0.999175131 -0.024705831 -2.930012941 -0.996498048 0.030213881 -0.077965282 87.903976440
-0.065404058 0.027215760 0.997487664 46.869400024 0.030832641 0.999205828 -0.025240982 -2.955464363 -0.997382402 0.029104313 -0.066191256 87.850410461
-0.052105501 0.027517393 0.998262405 47.461765289 0.030020138 0.999211848 -0.025976622 -2.979604721 -0.998190224 0.028614447 -0.052890513 87.842124939
-0.035479225 0.029150628 0.998945177 47.990699768 0.029746292 0.999162436 -0.028100478 -2.998194933 -0.998927653 0.028717929 -0.036316633 87.842338562
-0.013100974 0.032218203 0.999395013 48.507415771 0.027851673 0.999104798 -0.031843737 -3.017446756 -0.999526143 0.027417639 -0.013986573 87.824844360
0.012810240 0.033956766 0.999341190 49.012973785 0.025029704 0.999099195 -0.034269392 -3.060941219 -0.999604583 0.025452215 0.011948774 87.821090698
0.041172888 0.036303628 0.998492181 49.511817932 0.022706507 0.999047697 -0.037260126 -3.076629400 -0.998893976 0.024206379 0.040309343 87.861358643
0.074543945 0.035698935 0.996578515 50.026268005 0.020379081 0.999095857 -0.037313461 -3.103416681 -0.997009456 0.023090849 0.073749028 87.914474487
0.112568691 0.034250569 0.993053436 50.529174805 0.019085683 0.999146879 -0.036624204 -3.112118483 -0.993460596 0.023075841 0.111818947 87.993865967
0.156629369 0.030180173 0.987196207 51.059253693 0.017459784 0.999292254 -0.033320151 -3.139269114 -0.987503111 0.022455148 0.155991599 88.068534851
0.201903045 0.025772519 0.979066312 51.541069031 0.014413506 0.999467373 -0.029281896 -3.165018797 -0.979299426 0.020023888 0.201424047 88.191551208
0.252091557 0.023221506 0.967424691 52.029026031 0.008809708 0.999615550 -0.026289832 -3.182175636 -0.967663169 0.015150175 0.251790106 88.316055298
0.303723186 0.021170951 0.952525020 52.491001129 0.006149830 0.999688804 -0.024180152 -3.206744671 -0.952740490 0.013201943 0.303498417 88.481964111
0.358633220 0.020641105 0.933250308 52.933841705 0.004747981 0.999702275 -0.023935420 -3.230533361 -0.933466494 0.013015092 0.358428389 88.685806274
0.418365538 0.021609856 0.908021688 53.402618408 0.006549756 0.999619186 -0.026807534 -3.237240314 -0.908255100 0.017162668 0.418064713 88.872177124
0.472370356 0.017061975 0.881235003 53.733543396 0.005771915 0.999731243 -0.022450171 -3.355591774 -0.881381214 0.015691206 0.472145021 89.139282227
0.531834722 0.020569993 0.846598268 54.120376587 0.006814293 0.999568582 -0.028567500 -3.368886232 -0.846820772 0.020962160 0.531465054 89.414031982
0.588681817 0.024644647 0.807989001 54.469932556 0.003388209 0.999451160 -0.032953043 -3.379599094 -0.808357656 0.022136493 0.588275194 89.727966309
0.640265822 0.025489666 0.767730236 54.764488220 0.000943645 0.999422431 -0.033969119 -3.408956528 -0.768152833 0.022473732 0.639872134 90.083152771
0.691686511 0.027400419 0.721677780 55.061244965 -0.001575324 0.999334931 -0.036432553 -3.415511131 -0.722196162 0.024063030 0.691269696 90.429039001
0.739376366 0.025769373 0.672798932 55.331863403 -0.001955502 0.999345243 -0.036127649 -3.431639433 -0.673289478 0.025396267 0.738942683 90.796157837
0.783573806 0.023141075 0.620867431 55.595237732 -0.004491279 0.999490976 -0.031584911 -3.441610336 -0.621282518 0.021960618 0.783278883 91.192596436
0.824337482 0.016458603 0.565859377 55.819133759 -0.003692701 0.999712348 -0.023698175 -3.466610193 -0.566086650 0.017445745 0.824161112 91.570373535
0.859695911 0.014131441 0.510610700 56.022701263 -0.005996841 0.999827623 -0.017574150 -3.477752924 -0.510770977 0.012046373 0.859632492 91.992721558
0.889592409 0.011509007 0.456610084 56.190574646 -0.007453081 0.999915123 -0.010682687 -3.488474846 -0.456694424 0.006100080 0.889602721 92.394500732
0.914221346 0.010793180 0.405071467 56.363365173 -0.009553032 0.999941468 -0.005082966 -3.502290249 -0.405102611 0.000777296 0.914270937 92.846054077
0.933362603 0.012539848 0.358715862 56.497657776 -0.012776897 0.999916971 -0.001709793 -3.511531830 -0.358707517 -0.002987419 0.933445215 93.295227051
0.947656095 0.019362189 0.318705410 56.603004456 -0.020841857 0.999782085 0.001232941 -3.528624535 -0.318612099 -0.007810816 0.947853088 93.709510803
0.959110379 0.022523059 0.282134652 56.722465515 -0.023569280 0.999722183 0.000314524 -3.529702425 -0.282049179 -0.006951373 0.959374905 94.150482178
0.967316866 0.025109719 0.252324283 56.813339233 -0.026017010 0.999661505 0.000259446 -3.533785343 -0.252232343 -0.006815685 0.967642725 94.586570740
0.972802758 0.019203961 0.230837792 56.898094177 -0.019865088 0.999802589 0.000539918 -3.539501190 -0.230781883 -0.005110844 0.972992063 95.058433533
0.976469457 0.015437537 0.215102166 56.994598389 -0.015987195 0.999871850 0.000815664 -3.542539120 -0.215062052 -0.004235352 0.976591229 95.569618225
0.979189873 0.019938691 0.201964080 57.085033417 -0.020396041 0.999792099 0.000183499 -3.540020466 -0.201918378 -0.004298949 0.979393065 96.066032410
0.980997145 0.025147833 0.192385286 57.166297913 -0.025757095 0.999667943 0.000666147 -3.540044546 -0.192304671 -0.005608777 0.981319308 96.560287476
0.981870055 0.034173526 0.186448872 57.248485565 -0.034583949 0.999401271 -0.001051881 -3.540796995 -0.186373189 -0.005415327 0.982464194 97.052757263
0.982328475 0.038317729 0.183201328 57.341751099 -0.038161486 0.999261975 -0.004379606 -3.542181253 -0.183233976 -0.002689021 0.983065665 97.552581787
0.982438684 0.039419513 0.182374045 57.437446594 -0.038820866 0.999222696 -0.006852724 -3.553327322 -0.182502449 -0.000347536 0.983205378 98.082962036
0.982005000 0.037444692 0.185105383 57.527198792 -0.036132686 0.999292195 -0.010457377 -3.561229229 -0.185365930 0.003580842 0.982663035 98.632759094
0.981310546 0.035959095 0.189040467 57.639633179 -0.033357650 0.999300063 -0.016926041 -3.569071531 -0.189516827 0.010303758 0.981823385 99.173988342
0.980542123 0.035985705 0.192982242 57.754119873 -0.032401528 0.999239266 -0.021697739 -3.577739239 -0.193616271 0.015022629 0.980962336 99.719085693
0.979501128 0.041125767 0.197195366 57.865737915 -0.037628222 0.999061406 -0.021452243 -3.587580204 -0.197892547 0.013592389 0.980129540 100.272850037
0.978159428 0.043949328 0.203157350 57.977233887 -0.041330811 0.998998880 -0.017115952 -3.607411623 -0.203706220 0.008345471 0.978996515 100.890335083
0.977348208 0.040779859 0.207672060 58.104705811 -0.038970407 0.999158442 -0.012798470 -3.617171288 -0.208019197 0.004415495 0.978114784 101.491325378
0.976694942 0.036805570 0.211453259 58.246940613 -0.036151886 0.999322057 -0.006957847 -3.635708332 -0.211565986 -0.000848744 0.977363348 102.074645996
0.975939751 0.034183025 0.215344384 58.390129089 -0.034476388 0.999402642 -0.002394932 -3.642705441 -0.215297654 -0.005086986 0.976535201 102.721740723
0.975423992 0.029688260 0.218327105 58.534950256 -0.030086914 0.999546170 -0.001499086 -3.650964737 -0.218272597 -0.005106544 0.975874424 103.362030029
0.975349963 0.026200769 0.219102740 58.678596497 -0.025754090 0.999656320 -0.004895053 -3.659220457 -0.219155699 -0.000868401 0.975689471 104.018501282
0.975601196 0.024847271 0.218140274 58.824165344 -0.022815060 0.999669731 -0.011830281 -3.669778585 -0.218362212 0.006564749 0.975845754 104.644561768
0.975696802 0.028072502 0.217319459 58.973384857 -0.024669237 0.999527156 -0.018357912 -3.680864573 -0.217732072 0.012550650 0.975927889 105.301918030
0.976214230 0.029314639 0.214817524 59.097198486 -0.025103679 0.999435961 -0.022305122 -3.690461636 -0.215350211 0.016381865 0.976399541 105.963905334
0.976802707 0.027888246 0.212317958 59.251144409 -0.024610274 0.999533772 -0.018066622 -3.701398849 -0.212722853 0.012422323 0.977033675 106.659217834
0.977200508 0.025110206 0.210828632 59.413955688 -0.023390319 0.999669731 -0.010647899 -3.713394642 -0.211026400 0.005473783 0.977465034 107.360824585
0.977752984 0.025252702 0.208234161 59.570682526 -0.024796218 0.999681056 -0.004802614 -3.729454517 -0.208289027 -0.000467649 0.978067279 108.078491211
0.978086948 0.028750937 0.206202418 59.703140259 -0.028305199 0.999586284 -0.005111959 -3.751327515 -0.206264079 -0.000836662 0.978496015 108.764297485
0.978409350 0.034030616 0.203855276 59.848663330 -0.032709707 0.999416292 -0.009846568 -3.758781910 -0.204071358 0.002965930 0.978951514 109.480728149
0.979134321 0.035132959 0.200154603 59.997257233 -0.032734461 0.999347210 -0.015281192 -3.768816710 -0.200560853 0.008410386 0.979645133 110.221488953
0.979942262 0.034515977 0.196269765 60.146045685 -0.031553209 0.999336302 -0.018203255 -3.782532692 -0.196767792 0.011645197 0.980380952 110.955390930
0.980834424 0.032355364 0.192138135 60.308162689 -0.029689852 0.999419034 -0.016736658 -3.800671577 -0.192568079 0.010711342 0.981225133 111.705024719
0.981611788 0.029477634 0.188598230 60.463222504 -0.027166462 0.999520957 -0.014828281 -3.818431616 -0.188944981 0.009432073 0.981942356 112.459571838
0.982098758 0.027187610 0.186394319 60.616127014 -0.025476204 0.999608457 -0.011571283 -3.840976715 -0.186635897 0.006615524 0.982406914 113.236831665
0.982367873 0.024841379 0.185300753 60.769763947 -0.023455737 0.999678195 -0.009666573 -3.851256847 -0.185481250 0.005149765 0.982634366 114.040084839
0.982628763 0.019478524 0.184557170 60.933784485 -0.018257514 0.999798715 -0.008313111 -3.864588261 -0.184681922 0.004799146 0.982786715 114.818725586
0.982658625 0.020526396 0.184284031 61.070472717 -0.019605208 0.999784410 -0.006819623 -3.873928070 -0.184384301 0.003088433 0.982849360 115.648483276
0.982633114 0.025192622 0.183840677 61.219017029 -0.023950955 0.999672890 -0.008971766 -3.879063129 -0.184006542 0.004412794 0.982915103 116.438255310
0.982461870 0.031289134 0.183819667 61.381336212 -0.029553445 0.999489009 -0.012175051 -3.893419266 -0.184106663 0.006529018 0.982884526 117.231033325
0.981833577 0.041076161 0.185244277 61.523422241 -0.039141662 0.999134362 -0.014089510 -3.903464794 -0.185662657 0.006582787 0.982591450 118.127250671
0.981219113 0.046470728 0.187215254 61.683166504 -0.044840440 0.998910427 -0.012935892 -3.938423395 -0.187612429 0.004298129 0.982233763 118.945579529
0.980560601 0.049471587 0.189877570 61.856510162 -0.048351526 0.998774886 -0.010529793 -3.962492943 -0.190165862 0.001144227 0.981751323 119.753158569
0.980094433 0.049906828 0.192156494 62.014709473 -0.048577651 0.998751760 -0.011625161 -3.982774734 -0.192496836 0.002059244 0.981295466 120.576248169
0.979879856 0.048129577 0.193698302 62.177665710 -0.046183620 0.998826981 -0.014552085 -3.987375498 -0.194171518 0.005313604 0.980953276 121.404060364
0.979693115 0.043139372 0.195807487 62.350105286 -0.041314781 0.999056399 -0.013395079 -4.007654190 -0.196200594 0.005033322 0.980551004 122.239166260
0.980188847 0.035645250 0.194831342 62.547080994 -0.033416484 0.999333262 -0.014715325 -4.030482292 -0.195225984 0.007913217 0.980726421 123.090782166
0.979900002 0.034656402 0.196455911 62.686664581 -0.032452546 0.999369323 -0.014427174 -4.054503918 -0.196831957 0.007761697 0.980406523 123.943031311
0.979597569 0.038951468 0.197157949 62.875961304 -0.037422519 0.999233663 -0.011476146 -4.081295967 -0.197453842 0.003863861 0.980304599 124.786651611
0.979057968 0.041002117 0.199409947 63.006702423 -0.040644303 0.999156356 -0.005889425 -4.094310284 -0.199483171 -0.002338788 0.979898512 125.656539917
0.978614271 0.042788725 0.201204464 63.145465851 -0.043317821 0.999059737 -0.001774627 -4.105835438 -0.201091230 -0.006979063 0.979547620 126.534614563
0.978096724 0.042055249 0.203857899 63.293182373 -0.041237034 0.999115169 -0.008261790 -4.123145103 -0.204024985 -0.000325664 0.978965640 127.397666931
0.978103757 0.038600802 0.204506993 63.449249268 -0.034635242 0.999136746 -0.022936225 -4.141541481 -0.205215827 0.015350858 0.978596330 128.199783325
