1.000000000 0.000000000 0.000000000 0.000000000 0.000000000 1.000000000 0.000000000 0.000000000 0.000000000 0.000000000 1.000000000 0.000000000
0.999047697 -0.000152202 0.043631781 0.042280421 0.000255089 0.999997139 -0.002352522 -0.018051926 -0.043631308 0.002361411 0.999044895 1.019277096
0.996050477 -0.004231450 0.088687122 0.128638119 0.004888515 0.999962211 -0.007192915 -0.036227398 -0.088653341 0.007598056 0.996033490 2.069008589
0.990970910 -0.003659156 0.134027109 0.256287336 0.005200033 0.999924362 -0.011148504 -0.057476815 -0.133976161 0.011744790 0.990915060 3.096323490
0.983643234 -0.001440803 0.180121794 0.426690578 0.003956089 0.999899626 -0.013605916 -0.083206259 -0.180084080 0.014095945 0.983550191 4.108790874
0.974105775 -0.003509865 0.226065442 0.643044174 0.006740194 0.999885917 -0.013519089 -0.110400826 -0.225992218 0.014692747 0.974018216 5.118309975
0.962492466 -0.003884469 0.271280617 0.912159979 0.008169163 0.999858975 -0.014666864 -0.141783088 -0.271185398 0.016332883 0.962388575 6.089308739
0.948927999 -0.006774130 0.315420032 1.220933914 0.012976102 0.999761403 -0.017566636 -0.168760628 -0.315225810 0.020762399 0.948789477 7.065375328
0.933904648 -0.008829835 0.357413113 1.604034066 0.016791003 0.999675095 -0.019177334 -0.201008588 -0.357127726 0.023911126 0.933749497 8.016365051
0.916602790 -0.008413723 0.399710566 2.005553246 0.017602373 0.999658346 -0.019322820 -0.242080823 -0.399411410 0.024747206 0.916437745 8.951139450
0.896837175 -0.008774966 0.442273676 2.450023174 0.018678756 0.999662638 -0.018042650 -0.274741173 -0.441966265 0.024442444 0.896698654 9.892860413
0.874845862 -0.008504810 0.484326750 2.913416624 0.019146817 0.999671757 -0.017030846 -0.310640514 -0.484022796 0.024172677 0.874721408 10.762994766
0.850855410 -0.007999888 0.525339007 3.423102140 0.019208709 0.999689400 -0.015887702 -0.346376002 -0.525048673 0.023609230 0.850744665 11.608337402
0.825365067 -0.008582410 0.564534247 3.990799904 0.021311462 0.999645472 -0.015960718 -0.380622506 -0.564197063 0.025204465 0.825255513 12.438598633
0.798092723 -0.010454056 0.602444172 4.611516953 0.025009455 0.999562562 -0.015786322 -0.406513810 -0.602015674 0.027665740 0.798004925 13.243936539
0.769427001 -0.009272197 0.638667464 5.261224747 0.025373960 0.999548912 -0.016057488 -0.444110036 -0.638230562 0.028560590 0.769315302 14.018803596
0.738974690 -0.012850158 0.673610628 5.920758724 0.030538408 0.999429286 -0.014436061 -0.480313480 -0.673040748 0.031238878 0.738945425 14.730379105
0.706767976 -0.011927755 0.707344830 6.594048023 0.030795684 0.999428809 -0.013917487 -0.511271596 -0.706774831 0.031619601 0.706731617 15.425810814
0.672660351 -0.010845303 0.739871919 7.338156223 0.032307103 0.999369562 -0.014723147 -0.540544987 -0.739245772 0.033806793 0.672586679 16.081647873
0.637007773 -0.011678767 0.770768940 8.115348816 0.036251105 0.999232829 -0.014819521 -0.566928625 -0.770004511 0.037381377 0.636942446 16.713693619
0.600196838 -0.009527413 0.799795628 8.911502838 0.036154781 0.999230146 -0.015228773 -0.586968422 -0.799034774 0.038056705 0.600079238 17.311605453
0.562539577 -0.008650063 0.826725066 9.740360260 0.039724801 0.999073148 -0.016577130 -0.614914298 -0.825815439 0.042166788 0.562361836 17.859849930
0.523384929 -0.006443900 0.852072001 10.574674606 0.043745756 0.998856068 -0.019316833 -0.638687253 -0.850972712 0.047384676 0.523068011 18.366333008
0.485045731 -0.005656580 0.874470532 11.462411880 0.045133237 0.998808444 -0.018573346 -0.667719722 -0.873323321 0.048476614 0.484722942 18.836917877
0.446744055 -0.007059948 0.894633949 12.381017685 0.050235111 0.998589218 -0.017205086 -0.690706670 -0.893250346 0.052628305 0.446468532 19.289745331
0.410085440 -0.007717177 0.912014425 13.312105179 0.053754989 0.998430312 -0.015722420 -0.720463514 -0.910461485 0.055472855 0.409856707 19.696670532
0.375114888 -0.005497932 0.926962018 14.255933762 0.055341750 0.998331547 -0.016473981 -0.740213037 -0.925324857 0.057479337 0.374793291 20.065629959
0.342250407 -0.006162229 0.939588428 15.208734512 0.055928171 0.998338997 -0.013824610 -0.761378169 -0.937942803 0.057280954 0.342026561 20.383724213
0.308694273 -0.008249953 0.951125562 16.195747375 0.058552451 0.998230875 -0.010345053 -0.783238530 -0.949357390 0.058884192 0.308631092 20.690889359
0.276012152 -0.007940445 0.961121261 17.156209946 0.058705464 0.998238206 -0.008611777 -0.796663165 -0.959359646 0.058800023 0.275991976 20.975704193
0.243254930 -0.004802827 0.969950438 18.102153778 0.056820780 0.998341024 -0.009306737 -0.819975674 -0.968296826 0.057377245 0.243124217 21.231834412
0.212363735 -0.003614394 0.977183998 19.084356308 0.055759065 0.998408735 -0.008424779 -0.842729926 -0.975598574 0.056275982 0.212227330 21.457992554
0.182168812 -0.003633342 0.983260572 20.146427155 0.057755653 0.998306155 -0.007011460 -0.868870735 -0.981569588 0.058066133 0.182070121 21.650384903
0.150979042 -0.004074033 0.988528490 21.157255173 0.059512246 0.998215199 -0.004975414 -0.895843327 -0.986743867 0.059580743 0.150952026 21.824535370
0.121237360 -0.004575764 0.992613018 22.215490341 0.058227066 0.998300135 -0.002509851 -0.905507565 -0.990914285 0.058101226 0.121297717 21.956052780
0.091702782 -0.005266851 0.995772481 23.286571503 0.058437735 0.998291075 -0.000101480 -0.925423443 -0.994070232 0.058199987 0.091853850 22.063322067
0.065153912 -0.004955719 0.997862935 24.360506058 0.061784327 0.998089015 0.000922732 -0.930830181 -0.995960653 0.061592165 0.065335579 22.112548828
0.040056031 -0.004642739 0.999186575 25.475748062 0.065764971 0.997833133 0.002000021 -0.945271134 -0.997030854 0.065631367 0.040274560 22.134634018
0.016934879 -0.004135413 0.999848068 26.614797592 0.069607370 0.997570097 0.002947020 -0.948602498 -0.997430861 0.069546878 0.017181579 22.167434692
-0.003269583 -0.004024304 0.999986470 27.758476257 0.075334899 0.997149110 0.004259201 -0.952210188 -0.997152925 0.075347804 -0.002957092 22.167039871
-0.020303505 -0.004741387 0.999782622 28.873613358 0.080355927 0.996745944 0.006358848 -0.955579460 -0.996559441 0.080467567 -0.019856442 22.132926941
-0.035448447 -0.004541399 0.999361336 30.068058014 0.083191589 0.996505499 0.007479320 -0.950171947 -0.995902896 0.083403572 -0.034946762 22.079113007
-0.049950905 -0.005532271 0.998736501 31.248937607 0.085196115 0.996316195 0.009779872 -0.948594272 -0.995111227 0.085576981 -0.049295563 22.032209396
-0.063759826 -0.006500352 0.997944117 32.469272614 0.085391618 0.996275842 0.011945256 -0.945565820 -0.994305253 0.085977688 -0.062967300 21.953577042
-0.076061733 -0.006435680 0.997082353 33.653038025 0.084689558 0.996324003 0.012891269 -0.944171965 -0.993499935 0.085423008 -0.075237080 21.875391006
-0.086767450 -0.003851733 0.996221125 34.838748932 0.084773146 0.996336937 0.011235635 -0.943397045 -0.992615104 0.085427694 -0.086123116 21.772186279
-0.097014636 -0.000248620 0.995282948 36.027870178 0.085784242 0.996276438 0.008610642 -0.936550498 -0.991579175 0.086214975 -0.096632078 21.666721344
-0.106736287 0.002362800 0.994284570 37.266098022 0.086838998 0.996198058 0.006954806 -0.930238485 -0.990487933 0.087085024 -0.106535688 21.540315628
-0.114369527 0.003097193 0.993433475 38.528972626 0.086158864 0.996258140 0.006813081 -0.925113320 -0.989695013 0.086372294 -0.114208423 21.383808136
-0.119653732 0.003588232 0.992809176 39.789470673 0.085397325 0.996324420 0.006691182 -0.918753564 -0.989136040 0.085583873 -0.119520381 21.227954865
-0.125379920 0.005356648 0.992094338 41.062217712 0.086413704 0.996243954 0.005541830 -0.916579366 -0.988338292 0.086425401 -0.125371873 21.087543488
-0.129835799 0.006886123 0.991511524 42.379505157 0.085369349 0.996340275 0.004259229 -0.913291693 -0.987853527 0.085197672 -0.129948497 20.930622101
-0.134157538 0.007674023 0.990930319 43.699802399 0.085505702 0.996330202 0.003860387 -0.912849605 -0.987264156 0.085248090 -0.134321421 20.760681152
-0.138158038 0.006831650 0.990386605 45.074539185 0.085046053 0.996364534 0.004990962 -0.904526591 -0.986752152 0.084918007 -0.138236791 20.593681335
-0.140573934 0.004640183 0.990059316 46.424819946 0.085752413 0.996288121 0.007506213 -0.906917930 -0.986349583 0.085955143 -0.140450060 20.395885468
-0.143545538 0.003391605 0.989637911 47.845462799 0.085265450 0.996318042 0.008953131 -0.897252202 -0.985963762 0.085667118 -0.143306196 20.218585968
-0.145425007 0.004195919 0.989360392 49.251895905 0.088183917 0.996065915 0.008737698 -0.890736401 -0.985431612 0.088516347 -0.145222887 20.015733719
-0.146782786 0.003415128 0.989162862 50.666339874 0.089176200 0.995967686 0.009794319 -0.897377849 -0.985140741 0.089647427 -0.146495447 19.844778061
-0.147728145 0.005352709 0.989013433 52.107391357 0.090582877 0.995855629 0.008140551 -0.876243412 -0.984871149 0.090790294 -0.147600785 19.631168365
-0.147624403 0.005355881 0.989028931 53.585235596 0.090873130 0.995828867 0.008171197 -0.865520835 -0.984859943 0.091082439 -0.147495344 19.400035858
-0.147865102 0.006489652 0.988986254 55.084735870 0.090037890 0.995914400 0.006926613 -0.859822810 -0.984900475 0.090070456 -0.147845253 19.197277069
-0.146004528 0.006857112 0.989260077 56.628116608 0.091226496 0.995808542 0.006561583 -0.849234998 -0.985068738 0.091204777 -0.146018088 18.980615616
-0.144984961 0.005503342 0.989418566 58.189624786 0.089913987 0.995920181 0.007636085 -0.836905956 -0.985339940 0.090069674 -0.144888297 18.773448944
-0.143182367 0.006100668 0.989677668 59.771808624 0.090635143 0.995859742 0.006973932 -0.820903063 -0.985537469 0.090698108 -0.143142477 18.502239227
-0.142525747 0.007007285 0.989766300 61.343521118 0.089777738 0.995944500 0.005876918 -0.811734259 -0.985711098 0.089696608 -0.142576829 18.300514221
-0.140941724 0.007783502 0.989987314 62.885517120 0.091859363 0.995758176 0.005248889 -0.805705547 -0.985747099 0.091679387 -0.141058862 18.062997818
-0.140687972 0.007517180 0.990025461 64.479209900 0.091454886 0.995794535 0.005435257 -0.797859430 -0.985820949 0.091307364 -0.140783802 17.856288910
-0.139975429 0.006362122 0.990134537 66.100151062 0.093232341 0.995621264 0.006782891 -0.777598977 -0.985755861 0.093261980 -0.139955670 17.616214752
-0.138625488 0.004463452 0.990334749 67.728271484 0.094294034 0.995506287 0.008712365 -0.768903017 -0.985845625 0.094590403 -0.138423398 17.376045227
-0.138169095 0.006152614 0.990389526 69.396575928 0.096325718 0.995323420 0.007255123 -0.761388421 -0.985713184 0.096402444 -0.138115570 17.148433685
-0.138699695 0.007546030 0.990305722 71.053047180 0.098341592 0.995133400 0.006190651 -0.769350886 -0.985439658 0.098246880 -0.138766795 16.957401276
-0.138583854 0.007164045 0.990324795 72.714385986 0.096677691 0.995295644 0.006328857 -0.764638662 -0.985620499 0.096619383 -0.138624489 16.762081146
-0.138569161 0.007464305 0.990324616 74.412788391 0.097469956 0.995219469 0.006137088 -0.754467130 -0.985544622 0.097377300 -0.138634279 16.554866791
-0.136988178 0.006137387 0.990553677 76.133460999 0.098887347 0.995070279 0.007510210 -0.745273352 -0.985624433 0.098982036 -0.136919782 16.280803680
-0.136332259 0.006742337 0.990640223 77.806266785 0.100520208 0.994909942 0.007062232 -0.740618765 -0.985550225 0.100542188 -0.136316061 16.061580658
-0.135393322 0.006763085 0.990768850 79.519599915 0.101489946 0.994811296 0.007078411 -0.732859731 -0.985580266 0.101511441 -0.135377198 15.822355270
-0.134767264 0.008131017 0.990843892 81.245666504 0.102314912 0.994735420 0.005753174 -0.724587619 -0.985580683 0.102153458 -0.134889781 15.589185715
-0.134776205 0.008474860 0.990839839 82.948562622 0.101609282 0.994810224 0.005312294 -0.728019595 -0.985652685 0.101394497 -0.134937853 15.348565102
-0.135590240 0.008959615 0.990724504 84.669136047 0.100832053 0.994891882 0.004802544 -0.727521062 -0.985620737 0.100547962 -0.135801047 15.120044708
-0.137080237 0.009663459 0.990512729 86.410179138 0.100186661 0.994959950 0.004158313 -0.738575399 -0.985480428 0.099806212 -0.137357518 14.895716667
-0.137863457 0.008590994 0.990413964 88.102813721 0.099821962 0.994991302 0.005264300 -0.751458764 -0.985408187 0.099590816 -0.138030559 14.669893265
-0.139083207 0.008179913 0.990246892 89.819946289 0.099650010 0.995005786 0.005776928 -0.763139367 -0.985254169 0.099481583 -0.139203757 14.453750610
-0.140375793 0.007070622 0.990072966 91.634483337 0.096319251 0.995328963 0.006548307 -0.760295630 -0.985401988 0.096282326 -0.140401170 14.240802765
-0.142469138 0.008180635 0.989765584 93.466041565 0.096732125 0.995294154 0.005697516 -0.755470216 -0.985061049 0.096553825 -0.142590061 13.987237930
-0.145035565 0.009623234 0.989379644 95.272102356 0.094403371 0.995525360 0.004155807 -0.743668318 -0.984912515 0.094003499 -0.145295054 13.763527870
-0.149336725 0.010489347 0.988730907 97.087158203 0.095964432 0.995377123 0.003934498 -0.756250620 -0.984118581 0.095470585 -0.149652928 13.511795044
-0.152585223 0.009642517 0.988243282 98.938865662 0.093636990 0.995595098 0.004743346 -0.753641129 -0.983844340 0.093259878 -0.152816013 13.219915390
-0.158005923 0.008897782 0.987398088 100.812744141 0.093027465 0.995646000 0.005914382 -0.766133606 -0.983046293 0.092789650 -0.158145696 12.948951721
-0.162968263 0.009057146 0.986589730 102.705513000 0.089972347 0.995927870 0.005719066 -0.775828540 -0.982520401 0.089697801 -0.163119480 12.661954880
-0.169430420 0.012025678 0.985468924 104.641830444 0.091199838 0.995826364 0.003527807 -0.775847971 -0.981313288 0.090472318 -0.169820055 12.400375366
-0.173905537 0.012491738 0.984683096 106.522605896 0.090013735 0.995935202 0.003262903 -0.793386579 -0.980639696 0.089202449 -0.174323082 12.099222183
-0.178426415 0.012473891 0.983874202 108.418708801 0.088567443 0.996064246 0.003433344 -0.815447927 -0.979959011 0.087751843 -0.178828970 11.763782501
-0.183859810 0.011648641 0.982883453 110.333358765 0.086088680 0.996278226 0.004296503 -0.827708244 -0.979175329 0.085405096 -0.184178337 11.433153152
-0.189627245 0.011323323 0.981790841 112.280937195 0.084016122 0.996453166 0.004734809 -0.828951418 -0.978254974 0.083384126 -0.189906046 11.108802795
-0.194472432 0.010310004 0.980853796 114.183479309 0.083832793 0.996460795 0.006147352 -0.838410020 -0.977319062 0.083423197 -0.194648519 10.732870102
-0.199429110 0.010116186 0.979860187 116.139953613 0.084376737 0.996410131 0.006885997 -0.832962573 -0.976272821 0.084050678 -0.199566752 10.336938858
-0.204127267 0.012262222 0.978867412 118.077751160 0.085720681 0.996304512 0.005395028 -0.821312666 -0.975184083 0.085010476 -0.204424024 9.933580399
-0.209070891 0.012845155 0.977816045 119.993766785 0.084474079 0.996413291 0.004972294 -0.832906544 -0.974245071 0.083639681 -0.209406078 9.515794754
-0.216775775 0.013021315 0.976134598 121.890060425 0.083749659 0.996472836 0.005306147 -0.838443637 -0.972622275 0.082901180 -0.217101693 9.162532806
-0.221996233 0.012848663 0.974962771 123.827667236 0.082142785 0.996604919 0.005569805 -0.826505303 -0.971581280 0.081322633 -0.222297996 8.746191025
-0.227378026 0.014910951 0.973692417 125.777877808 0.084289029 0.996431530 0.004424119 -0.827973366 -0.970151842 0.083077535 -0.227823466 8.328210831
-0.231504485 0.014427451 0.972726762 127.711448669 0.083254747 0.996515572 0.005033966 -0.844107032 -0.969264984 0.082149521 -0.231898978 7.841924667
-0.234003544 0.013794138 0.972137868 129.638641357 0.084088959 0.996439576 0.006102103 -0.842279911 -0.968592465 0.083173960 -0.234330326 7.379486084
-0.239313573 0.013765278 0.970844686 131.577865601 0.085242018 0.996336401 0.006885467 -0.841491938 -0.967193186 0.084404573 -0.239610150 6.925518036
-0.244529352 0.015076034 0.969524682 133.550521851 0.086661801 0.996217370 0.006366361 -0.834165871 -0.965761423 0.085577510 -0.244910926 6.477722168
-0.248124152 0.015139529 0.968609929 135.509277344 0.084711142 0.996386647 0.006126364 -0.824872553 -0.965017319 0.083572164 -0.248510137 6.008167267
-0.250914425 0.015074362 0.967891812 137.513992310 0.083765112 0.996466279 0.006195714 -0.820271313 -0.964378238 0.082630165 -0.251290441 5.484619141
-0.255876482 0.015255516 0.966589034 139.486251831 0.081236795 0.996678114 0.005774682 -0.815843284 -0.963290095 0.080000207 -0.256265759 5.010044098
-0.260029316 0.015778767 0.965471804 141.443679810 0.080677643 0.996725321 0.005439269 -0.831123352 -0.962224424 0.079306364 -0.260450810 4.463897705
-0.263344586 0.015213685 0.964581847 143.374481201 0.080198877 0.996759772 0.006174230 -0.842005432 -0.961362481 0.078984335 -0.263711393 3.909393311
-0.268916547 0.015660899 0.963036180 145.310394287 0.082144111 0.996597648 0.006731099 -0.850456953 -0.959654212 0.080917843 -0.269288003 3.380146027
-0.273902774 0.016662747 0.961612880 147.296600342 0.080871291 0.996707797 0.005764248 -0.840463400 -0.958351254 0.079345703 -0.274348617 2.868473053
-0.278715551 0.016345970 0.960234582 149.334655762 0.078870386 0.996867418 0.005923171 -0.836116195 -0.957129538 0.077384956 -0.279131591 2.322589874
-0.283351332 0.016232217 0.958878815 151.288543701 0.079354078 0.996824801 0.006574769 -0.836139321 -0.955727458 0.077953912 -0.283739716 1.786457062
-0.288571179 0.015844544 0.957327306 153.259765625 0.079759516 0.996785581 0.007544639 -0.847510457 -0.954130530 0.078533128 -0.288907409 1.260025024
-0.293384850 0.016545489 0.955851376 155.243698120 0.081381433 0.996653080 0.007727114 -0.859508157 -0.952524245 0.080055557 -0.293749452 0.697265625
-0.297587931 0.018076686 0.954523265 157.226074219 0.081399098 0.996660292 0.006502793 -0.869152427 -0.951217949 0.079632476 -0.298065543 0.115562439
-0.302133888 0.019344153 0.953069210 159.248214722 0.081323184 0.996672332 0.005551237 -0.884272456 -0.949790299 0.079183854 -0.302701622 -0.466857910
-0.305830836 0.020587672 0.951863229 161.230590820 0.081937082 0.996626079 0.004770305 -0.891856492 -0.948553443 0.079451814 -0.306485921 -1.093147278
-0.309265077 0.021064434 0.950742543 163.194839478 0.081795171 0.996638894 0.004525670 -0.902955532 -0.947451591 0.079165794 -0.309948534 -1.712661743
-0.312242866 0.020334424 0.949784636 165.105819702 0.081737325 0.996638536 0.005533708 -0.934599876 -0.946479499 0.079360738 -0.312855422 -2.322372437
-0.317064226 0.020994550 0.948171556 167.105438232 0.082322463 0.996590793 0.005461611 -0.931450903 -0.944824457 0.079787523 -0.317711711 -2.953216553
-0.321484834 0.021428254 0.946672201 169.177902222 0.084195226 0.996430993 0.006037700 -0.945984781 -0.943164170 0.081646308 -0.322141677 -3.594657898
-0.325096905 0.021734800 0.945430934 171.218917847 0.086156733 0.996258914 0.006722646 -0.951511741 -0.941747785 0.083640739 -0.325753242 -4.273303986
-0.327257365 0.021064853 0.944700360 173.223770142 0.085500039 0.996310651 0.007402749 -0.961838007 -0.941059172 0.083194524 -0.327851027 -4.963817596
-0.330218613 0.020523949 0.943681300 175.266021729 0.085750841 0.996281743 0.008338492 -0.973582745 -0.940001309 0.083674975 -0.330750704 -5.669868469
-0.334317863 0.020624649 0.942234576 177.342407227 0.085724100 0.996281862 0.008608405 -0.990674973 -0.938553631 0.083650172 -0.334842861 -6.357662201
-0.337670863 0.022851299 0.940986812 179.382293701 0.083193853 0.996517360 0.005654085 -0.984214425 -0.937580407 0.080193549 -0.338395983 -7.042850494
-0.341403008 0.024722619 0.939591825 181.511627197 0.082788743 0.996559560 0.003859931 -0.989479125 -0.936263859 0.079105429 -0.342275202 -7.775680542
-0.344655097 0.025456708 0.938384175 183.548263550 0.082447283 0.996590078 0.003245964 -1.007795691 -0.935101926 0.078485951 -0.345578671 -8.480888367
-0.348163009 0.026200028 0.937067807 185.606796265 0.080338605 0.996765792 0.001980274 -1.015467405 -0.933985114 0.075972185 -0.349141806 -9.194290161
-0.353439659 0.026228698 0.935089529 187.688705444 0.079664268 0.996819437 0.002150853 -1.029910564 -0.932058930 0.075253427 -0.354405046 -9.919342041
-0.357162714 0.024189338 0.933728814 189.757278442 0.077553958 0.996980786 0.003837384 -1.040074825 -0.930816948 0.073784925 -0.357960373 -10.692878723
-0.361129969 0.024292424 0.932199061 191.847274780 0.077433601 0.996989429 0.004016627 -1.048411131 -0.929295003 0.073634051 -0.361923665 -11.465244293
-0.365469396 0.023731379 0.930520773 193.924926758 0.077467233 0.996982336 0.004999502 -1.067246675 -0.927594185 0.073912032 -0.366205007 -12.226398468
-0.369799256 0.023943730 0.928803086 196.039367676 0.076630503 0.997047901 0.004807102 -1.077366352 -0.925946176 0.072952300 -0.370542407 -13.015663147
-0.373952359 0.024688676 0.927119255 198.125564575 0.076418683 0.997066677 0.004272041 -1.102649212 -0.924294233 0.072446756 -0.374742121 -13.783721924
-0.377039939 0.025487313 0.925846279 200.218063354 0.076212019 0.997085154 0.003588017 -1.106940031 -0.923056126 0.071913458 -0.377883315 -14.597965240
-0.380216241 0.025725361 0.924539804 202.278732300 0.077514879 0.996982634 0.004136845 -1.147121787 -0.921643674 0.073238485 -0.381063074 -15.402843475
-0.384226680 0.025395472 0.922889590 204.416351318 0.078586191 0.996893227 0.005285932 -1.166647553 -0.919888079 0.074557357 -0.385028809 -16.239406586
-0.387256444 0.024669833 0.921642065 206.584289551 0.079377159 0.996822357 0.006670573 -1.171896815 -0.918548703 0.075740561 -0.387984157 -17.120697021
-0.389675200 0.025673486 0.920594394 208.684371948 0.080824822 0.996707678 0.006415933 -1.176812410 -0.917398810 0.076907009 -0.390467376 -18.034423828
-0.391780555 0.026380073 0.919680417 210.723983765 0.081830435 0.996626556 0.006272273 -1.201812744 -0.916412473 0.077715203 -0.392617583 -18.932052612
-0.396426499 0.024977122 0.917726636 212.786026001 0.079059869 0.996845126 0.007020729 -1.232384443 -0.914655983 0.075338550 -0.397150517 -19.791988373
-0.400982529 0.025824336 0.915721536 214.879089355 0.078356870 0.996906102 0.006197623 -1.246644974 -0.912728429 0.074238218 -0.401765496 -20.654495239
-0.404250503 0.027220843 0.914243162 216.910797119 0.078707539 0.996884525 0.005120642 -1.269049168 -0.911255538 0.074027829 -0.405133575 -21.557777405
-0.410447598 0.026389662 0.911502242 219.067901611 0.075535975 0.997129798 0.005144960 -1.293300986 -0.908750296 0.070962951 -0.411262900 -22.426559448
-0.415113777 0.027057754 0.909367085 221.224655151 0.074975647 0.997174978 0.004554928 -1.295645475 -0.906674981 0.070071191 -0.415969670 -23.347885132
-0.418244272 0.026606848 0.907944798 223.282562256 0.077199034 0.996995509 0.006345272 -1.315171242 -0.905048072 0.072746351 -0.419041753 -24.300109863
-0.421568543 0.025449848 0.906439364 225.382308960 0.077061713 0.996995449 0.007847642 -1.328536272 -0.903516173 0.073160090 -0.422263056 -25.241813660
-0.426040232 0.024553400 0.904370904 227.522735596 0.074798517 0.997165263 0.008164096 -1.329404831 -0.901606858 0.071123824 -0.426669031 -26.176567078
-0.429158002 0.024758952 0.902890205 229.591552734 0.073666304 0.997253597 0.007668186 -1.339456797 -0.900220394 0.069803447 -0.429803133 -27.119140625
-0.432142496 0.023457889 0.901500165 231.580307007 0.071746387 0.997387350 0.008439340 -1.355635643 -0.898946762 0.068326384 -0.432696491 -28.068077087
-0.435557157 0.022521982 0.899879217 233.621490479 0.071143962 0.997421086 0.009471672 -1.384270668 -0.897345245 0.068146437 -0.436036140 -29.019859314
-0.438888788 0.022398632 0.898262084 235.678665161 0.070870928 0.997437716 0.009755736 -1.401752234 -0.895742118 0.067942351 -0.439351648 -30.008262634
-0.443372428 0.021327822 0.896083713 237.756042480 0.069096319 0.997555315 0.010445151 -1.417065382 -0.893670201 0.066547185 -0.443762243 -30.959999084
-0.446914554 0.021395436 0.894320726 239.773483276 0.069588579 0.997516096 0.010910919 -1.438109398 -0.891865909 0.067110755 -0.447293401 -31.937644958
-0.450798661 0.020784972 0.892383635 241.776062012 0.068045475 0.997620046 0.011137943 -1.433058977 -0.890028298 0.065743655 -0.451140106 -32.923294067
-0.453950852 0.021683570 0.890762866 243.781982422 0.068740591 0.997576654 0.010747900 -1.440672398 -0.888371170 0.066110581 -0.454341322 -33.962150574
-0.456785917 0.022601917 0.889289498 245.789871216 0.069905713 0.997497737 0.010555154 -1.428884029 -0.886825681 0.066987857 -0.457222939 -34.999069214
-0.460655391 0.022727119 0.887288034 247.795181274 0.069809444 0.997503042 0.010692948 -1.421908140 -0.884829521 0.066866852 -0.461091727 -36.013717651
-0.464811325 0.022351850 0.885127544 249.824050903 0.068728156 0.997575879 0.010900079 -1.437301397 -0.882738292 0.065899663 -0.465220839 -37.012474060
-0.468385726 0.022960810 0.883225679 251.803695679 0.069019720 0.997558236 0.010668973 -1.427670479 -0.880824089 0.065957204 -0.468826801 -38.042533875
-0.471212208 0.023608549 0.881703854 253.745758057 0.070486680 0.997452497 0.010962608 -1.434979200 -0.879198909 0.067314088 -0.471675873 -39.078758240
-0.474778831 0.024495488 0.879764199 255.790893555 0.071697921 0.997366607 0.010922994 -1.431033134 -0.877179861 0.068263255 -0.475284755 -40.111633301
-0.478168935 0.026929226 0.877854943 257.854583740 0.074218936 0.997193456 0.009837085 -1.417806864 -0.875126302 0.069857232 -0.478825599 -41.190719604
-0.481869757 0.027354546 0.875815809 259.905212402 0.073999897 0.997212350 0.009568242 -1.404618263 -0.873112500 0.069420934 -0.482550591 -42.270156860
-0.483400762 0.028894184 0.874922216 261.960815430 0.075764447 0.997085750 0.008931782 -1.412380934 -0.872114360 0.070605628 -0.484181166 -43.388359070
-0.486860633 0.032005679 0.872893035 264.028747559 0.077564858 0.996964753 0.006707277 -1.402887583 -0.870028973 0.070971340 -0.487865299 -44.454483032
-0.489621371 0.032327641 0.871335685 266.183685303 0.078421272 0.996895194 0.007080461 -1.405615211 -0.868401408 0.071797997 -0.490636289 -45.605171204
-0.493161589 0.032580044 0.869327366 268.265472412 0.077719510 0.996952593 0.006726488 -1.406193495 -0.866458952 0.070880949 -0.494190931 -46.733695984
-0.496191442 0.032794364 0.867593467 270.329315186 0.077776089 0.996947706 0.006797621 -1.401135683 -0.864722371 0.070850961 -0.497227520 -47.909515381
-0.500209451 0.033364482 0.865261376 272.394470215 0.077679552 0.996957362 0.006464041 -1.408350110 -0.862412989 0.070446491 -0.501279354 -49.075187683
-0.502961636 0.034403861 0.863623738 274.456756592 0.077736400 0.996958375 0.005557063 -1.402259946 -0.860805809 0.069930002 -0.504106283 -50.283485413
-0.505648911 0.032993466 0.862108231 276.511627197 0.074832387 0.997179687 0.005728409 -1.409062386 -0.859487832 0.067410178 -0.506691813 -51.477790833
-0.507721603 0.034385961 0.860834718 278.601074219 0.077041999 0.997011960 0.005613926 -1.398787975 -0.858069539 0.069170728 -0.508853734 -52.708633423
-0.510179400 0.034146626 0.859389901 280.692932129 0.078033037 0.996928096 0.006713027 -1.404760838 -0.856520772 0.070485644 -0.511276782 -53.948501587
-0.514034212 0.034127560 0.857090533 282.736968994 0.079180777 0.996829808 0.007796432 -1.414834261 -0.854107261 0.071872711 -0.515106857 -55.097015381
-0.515161693 0.033177219 0.856450617 284.789459229 0.078019366 0.996917129 0.008310626 -1.409396172 -0.853534639 0.071101040 -0.516162038 -56.311775208
-0.517181933 0.032316800 0.855265319 286.863189697 0.078347676 0.996878743 0.009709338 -1.405401707 -0.852282107 0.072029524 -0.518099427 -57.543167114
-0.520766616 0.031934220 0.853101611 288.991210938 0.077758953 0.996920526 0.010149312 -1.386888504 -0.850150406 0.071621709 -0.521646082 -58.776832581
-0.523581326 0.031411957 0.851396441 291.106597900 0.078524955 0.996845603 0.011512060 -1.384629726 -0.848349273 0.072883353 -0.524396360 -60.061218262
-0.524207473 0.032550465 0.850968242 293.178710938 0.079392470 0.996785164 0.010778655 -1.376042128 -0.847881675 0.073210724 -0.525106490 -61.380844116
-0.527372420 0.034952596 0.848914921 295.246429443 0.077460863 0.996970236 0.007072580 -1.352553844 -0.846095860 0.069487564 -0.528482020 -62.632270813
-0.530676663 0.032352261 0.846956670 297.267150879 0.074336521 0.997197032 0.008485748 -1.371086359 -0.844308197 0.067462996 -0.531594217 -63.878494263
-0.534724355 0.029930456 0.844496310 299.354309082 0.072904013 0.997280300 0.010816504 -1.387795687 -0.841875792 0.067351021 -0.535452127 -65.176071167
-0.539381802 0.028056396 0.841593742 301.384033203 0.072023407 0.997319341 0.012912331 -1.379876852 -0.838975370 0.067579135 -0.539956689 -66.452728271
-0.544224203 0.025369557 0.838556170 303.482116699 0.068894863 0.997518063 0.014534101 -1.371706009 -0.836106181 0.065682024 -0.544621289 -67.742813110
-0.547384322 0.026855057 0.836450219 305.544738770 0.070626862 0.997401774 0.014196611 -1.349715233 -0.833895802 0.066846862 -0.547858715 -69.074005127
-0.551279306 0.027583176 0.833864748 307.647766113 0.073637761 0.997161508 0.015698090 -1.362095833 -0.831064939 0.070057958 -0.551745594 -70.457893372
-0.555334568 0.027570149 0.831169963 309.773742676 0.073643871 0.997154176 0.016128225 -1.333744049 -0.828360081 0.070167147 -0.555784464 -71.836837769
-0.560332716 0.028914640 0.827762783 311.970550537 0.075995550 0.996969581 0.016618021 -1.314862728 -0.824773848 0.072217897 -0.560832083 -73.248710632
-0.564965725 0.027518010 0.824655294 314.146575928 0.076432243 0.996891797 0.019097818 -1.306488991 -0.821566701 0.073819868 -0.565312922 -74.691680908
-0.569464743 0.024937732 0.821637332 316.295043945 0.073615037 0.997070789 0.020759137 -1.271712303 -0.818712890 0.072306477 -0.569632292 -76.105476379
-0.574176371 0.025698865 0.818328202 318.425781250 0.073845059 0.997058988 0.020501332 -1.240865231 -0.815394521 0.072200879 -0.574385464 -77.522239685
-0.577337027 0.025241621 0.816115677 320.500427246 0.073798060 0.997044265 0.021368720 -1.211486816 -0.813164055 0.072564706 -0.577493370 -78.978713989
-0.582162678 0.025209228 0.812681437 322.617950439 0.073886231 0.997023880 0.022000745 -1.176597118 -0.809708238 0.072853975 -0.582292736 -80.433280945
-0.586938679 0.023726661 0.809283674 324.707397461 0.072356120 0.997107983 0.023243474 -1.139872074 -0.806391716 0.072199121 -0.586957991 -81.901237488
-0.590345323 0.023084091 0.806820750 326.733917236 0.071432568 0.997162879 0.023736725 -1.093415260 -0.803983688 0.071646132 -0.590319276 -83.360504150
-0.592985213 0.022353556 0.804902971 328.765319824 0.070538044 0.997213662 0.024272176 -1.050256729 -0.802117646 0.071169324 -0.592909873 -84.845977783
-0.596106589 0.021912366 0.802606225 330.802185059 0.071762905 0.997080743 0.026077479 -1.020729065 -0.799691796 0.073142312 -0.595938921 -86.301345825
-0.600529850 0.021133656 0.799323022 332.866180420 0.069146380 0.997278392 0.025582045 -0.961870193 -0.796606958 0.070633069 -0.600356817 -87.756629944
-0.602711976 0.019831877 0.797712207 334.913177490 0.065188989 0.997573256 0.024452977 -0.914371014 -0.795291424 0.066740170 -0.602542162 -89.300926208
-0.607196689 0.018623406 0.794333220 336.970489502 0.060673315 0.997893035 0.022983389 -0.884658813 -0.792231619 0.062150281 -0.607047200 -90.851760864
-0.610317469 0.015426713 0.792006612 338.943939209 0.058636025 0.997947335 0.025746677 -0.853328705 -0.789983809 0.062153786 -0.609969199 -92.366455078
-0.614121675 0.014077365 0.789085805 340.999633789 0.057892106 0.997950733 0.027252136 -0.818288803 -0.787085176 0.062417969 -0.613678217 -93.921661377
-0.616870284 0.014147619 0.786937594 342.948120117 0.057810191 0.997952104 0.027375396 -0.789338112 -0.784938872 0.062380090 -0.616424859 -95.464172363
-0.620830178 0.012405653 0.783846915 344.888244629 0.054746699 0.998119652 0.027564155 -0.751647949 -0.782031178 0.060025692 -0.620342016 -96.955902100
-0.623882771 0.008489114 0.781471848 346.912872314 0.052182835 0.998162091 0.030816797 -0.703828812 -0.779773831 0.060005493 -0.623179018 -98.499687195
-0.626741409 0.005506321 0.779207885 348.969421387 0.049204141 0.998259127 0.032522175 -0.661029816 -0.777672291 0.058723249 -0.625921249 -100.087287903
-0.629867554 0.004965557 0.776686668 351.014282227 0.048102550 0.998309374 0.032627136 -0.600866318 -0.775211573 0.057911385 -0.629041553 -101.677185059
-0.631746352 0.005668448 0.775154591 353.097045898 0.048449807 0.998306930 0.032186016 -0.538286209 -0.773659587 0.057889473 -0.630951226 -103.341308594
-0.633617163 0.004600673 0.773633063 355.175628662 0.047338791 0.998339117 0.032834213 -0.479830742 -0.772197068 0.057427168 -0.632782578 -105.058883667
-0.635768354 0.003650127 0.771871269 357.233825684 0.047110323 0.998308063 0.034082491 -0.419927597 -0.770440936 0.058031667 -0.634864628 -106.796112061
-0.638617337 0.002207781 0.769521236 359.354003906 0.043438893 0.998504937 0.033184733 -0.344051361 -0.768297315 0.054619495 -0.637758434 -108.500785828
-0.641352236 -0.001669966 0.767244756 361.438232422 0.033604451 0.998977005 0.030264851 -0.296805382 -0.766510308 0.045193270 -0.640639961 -110.175697327
-0.644396186 0.000871667 0.764691293 363.486022949 0.026316850 0.999432266 0.021037642 -0.258824825 -0.764238834 0.033680841 -0.644053280 -111.811531067
-0.647030175 0.010876200 0.762386739 365.528320312 0.035684202 0.999234557 0.016029770 -0.242533684 -0.761628687 0.037576914 -0.646923125 -113.479927063
-0.646810472 0.012285846 0.762551844 367.507934570 0.043734089 0.998822331 0.021003548 -0.230497360 -0.761395812 0.046934828 -0.646586061 -115.164367676
-0.649315655 0.002988752 0.760513067 369.573486328 0.042263880 0.998588681 0.032159962 -0.186349869 -0.759343624 0.053024188 -0.648525715 -116.858772278
-0.652266741 -0.008817142 0.757938206 371.666564941 0.034365594 0.998560131 0.041190658 -0.106535912 -0.757210076 0.052914299 -0.651024580 -118.566596985
-0.656444609 -0.015867068 0.754207373 373.751220703 0.026629323 0.998668194 0.044187602 -0.015831947 -0.753904104 0.049090754 -0.655147851 -120.243782043
-0.659338057 -0.015577302 0.751685143 375.746704102 0.026727827 0.998667777 0.044139780 0.074493408 -0.751371384 0.049193952 -0.658043265 -121.918479919
-0.661438406 -0.010089816 0.749931693 377.706512451 0.032535579 0.998582184 0.042131566 0.155401230 -0.749293447 0.052266892 -0.660172403 -123.589889526
-0.663490057 -0.003758021 0.748175681 379.667114258 0.036939997 0.998603284 0.037774675 0.227101326 -0.747272670 0.052700728 -0.662424505 -125.295478821
-0.666489542 -0.001025362 0.745513678 381.641693115 0.037488971 0.998687804 0.034888726 0.290163994 -0.744571209 0.051201511 -0.665576518 -127.021347046
-0.669764519 -0.000936076 0.742572963 383.612396240 0.037271518 0.998696387 0.034876049 0.360362053 -0.741637588 0.051035561 -0.668856561 -128.758972168
-0.673836052 -0.001267649 0.738879800 385.537963867 0.038435142 0.998584688 0.036764890 0.435888290 -0.737880707 0.053172458 -0.672833383 -130.466491699
-0.676510334 -0.002121136 0.736430109 387.458007812 0.038581111 0.998520434 0.038317982 0.505350113 -0.735421836 0.054334812 -0.675427616 -132.214965820
-0.678227305 -0.001486472 0.734850705 389.413604736 0.039990149 0.998441458 0.038928419 0.575130463 -0.733763278 0.055789106 -0.677110791 -134.010986328
-0.679644406 -0.001577384 0.733540058 391.391815186 0.039690744 0.998453677 0.038921580 0.644065857 -0.732467175 0.055567581 -0.678530872 -135.808166504
-0.680797577 -0.001197836 0.732470632 393.357421875 0.039615151 0.998474836 0.038453303 0.725685120 -0.731399536 0.055195842 -0.679711819 -137.593383789
-0.682013333 -0.001781841 0.731337547 395.312774658 0.040194988 0.998394251 0.039916586 0.807253838 -0.730234325 0.056619748 -0.680846572 -139.369613647
-0.682823956 -0.002326861 0.730579317 397.233306885 0.042341568 0.998187959 0.042753041 0.875277519 -0.729354799 0.060126677 -0.681488097 -141.151794434
-0.683508277 -0.002727488 0.729937673 399.182983398 0.043648124 0.998050869 0.044601098 0.959423065 -0.728636563 0.062345635 -0.682057023 -142.950225830
-0.684888303 -0.002775742 0.728642821 401.069335938 0.042205885 0.998162568 0.043473918 1.040506363 -0.727424681 0.060527787 -0.683512747 -144.673782349
-0.686741292 -0.002182242 0.726898730 402.927673340 0.038848858 0.998456061 0.039700150 1.127236366 -0.725863039 0.055502903 -0.685596347 -146.395660400
-0.688620687 -0.003197717 0.725114644 404.786712646 0.035879217 0.998615146 0.038477309 1.193891525 -0.724233389 0.052512813 -0.687552392 -148.111755371
-0.689681709 -0.004006739 0.724101543 406.629089355 0.035200004 0.998616993 0.039052527 1.266346931 -0.723256588 0.052422177 -0.688586831 -149.865722656
-0.690790057 -0.004821391 0.723039329 408.512207031 0.033333041 0.998702288 0.038505882 1.347537041 -0.722286642 0.050700579 -0.689732850 -151.638092041
-0.692474902 -0.006223823 0.721415162 410.416381836 0.030469203 0.998818278 0.037863959 1.409753799 -0.720798314 0.048200794 -0.691466928 -153.432983398
-0.693211019 -0.006145202 0.720708489 412.317230225 0.030261518 0.998833656 0.037623607 1.491096497 -0.720099151 0.047890831 -0.692216516 -155.274230957
-0.694639266 -0.008930983 0.719302833 414.226318359 0.029069817 0.998757660 0.040473808 1.550428391 -0.718770683 0.049024697 -0.693516612 -157.042388916
-0.695470631 -0.009816620 0.718487501 416.116821289 0.031653687 0.998517454 0.044282306 1.634759903 -0.717857003 0.053539827 -0.694128811 -158.843658447
-0.696299911 -0.010379139 0.717675745 418.012756348 0.036501259 0.998089492 0.049848601 1.732444763 -0.716822207 0.060905643 -0.694590986 -160.659744263
-0.694901764 -0.010114816 0.719033539 419.900329590 0.040949013 0.997721910 0.053609900 1.853990555 -0.717937827 0.066697322 -0.692904532 -162.488739014
-0.693885088 -0.013974989 0.719950140 421.706848145 0.034328859 0.998032868 0.052458879 1.938116074 -0.719267011 0.061115492 -0.692040384 -164.152709961
-0.694081664 -0.015443904 0.719730616 423.606445312 0.026599329 0.998537004 0.047077917 2.036685944 -0.719404697 0.051820271 -0.692655444 -165.859222412
-0.693219662 -0.017669056 0.720509768 425.487274170 0.021833323 0.998725832 0.045498095 2.130754471 -0.720395565 0.047271300 -0.691950619 -167.602966309
-0.690821290 -0.017379094 0.722816646 427.325744629 0.021125464 0.998799026 0.044205047 2.220466614 -0.722716868 0.045807622 -0.689624548 -169.331375122
-0.688132167 -0.016435545 0.725399196 429.185394287 0.023380313 0.998722017 0.044807445 2.319105148 -0.725208580 0.047793519 -0.686868489 -171.099456787
-0.684831500 -0.017127454 0.728500187 431.061676025 0.023209602 0.998703837 0.045298446 2.406410217 -0.728331745 0.047930010 -0.683546305 -172.893447876
-0.682377875 -0.016617605 0.730810702 432.965515137 0.020683415 0.998902380 0.042026304 2.485952377 -0.730706930 0.043793481 -0.681285203 -174.637756348
-0.682490468 -0.022005171 0.730563164 434.890991211 0.013575482 0.998992622 0.042772681 2.563789368 -0.730768383 0.039109685 -0.681504190 -176.319793701
-0.682354927 -0.028677277 0.730458379 436.791564941 0.004634614 0.999040306 0.043551024 2.641668320 -0.731006503 0.033102650 -0.681567192 -178.013870239
-0.682030737 -0.032300722 0.730609834 438.743774414 -0.001594947 0.999087393 0.042681396 2.716596603 -0.731321752 0.027944738 -0.681459904 -179.769882202
-0.683572054 -0.032740254 0.729148388 440.683502197 -0.003808399 0.999139845 0.041293073 2.809562683 -0.729873121 0.025449900 -0.683108747 -181.492309570
-0.683564723 -0.032374479 0.729171574 442.588317871 -0.001702942 0.999083757 0.042761881 2.888093948 -0.729887962 0.027988777 -0.682993591 -183.253723145
-0.684304893 -0.030951409 0.728538752 444.526306152 0.002665330 0.998985946 0.044944644 2.995164871 -0.729191124 0.032697629 -0.683528364 -184.985427856
-0.684232950 -0.034696251 0.728437662 446.444152832 -0.000699165 0.998898327 0.046921838 3.067008972 -0.729263186 0.031596173 -0.683503389 -186.701919556
-0.685178101 -0.035110060 0.727528870 448.379943848 -0.002368362 0.998939633 0.045977667 3.156410217 -0.728371739 0.029779842 -0.684534729 -188.410140991
-0.686584473 -0.034084894 0.726250648 450.320983887 -0.003565071 0.999046326 0.043517582 3.252258301 -0.727041304 0.027289359 -0.686051190 -190.125915527
-0.687005401 -0.032564405 0.725922406 452.253570557 -0.001776104 0.999067605 0.043136641 3.336076736 -0.726650119 0.028345793 -0.686422527 -191.912841797
-0.686806381 -0.031361930 0.726163447 454.165588379 0.000326328 0.999055266 0.043456361 3.441522598 -0.726840377 0.030083077 -0.686147213 -193.693328857
