1.000000000 -0.000000000 0.000000001 -0.000000477 -0.000000000 0.999999940 0.000000000 0.000000238 0.000000001 0.000000000 1.000000000 -0.000000000
0.999997199 -0.002037310 -0.001221631 -0.011526491 0.002041146 0.999993026 0.003146879 -0.023025943 0.001215211 -0.003149364 0.999994278 1.479429722
0.999994397 -0.002134255 -0.002571787 -0.017140899 0.002145265 0.999988496 0.004285922 -0.049357206 0.002562613 -0.004291415 0.999987483 2.936618328
0.999990344 -0.000923757 -0.004297115 -0.005924096 0.000941066 0.999991357 0.004027898 -0.065252222 0.004293359 -0.004031903 0.999982655 4.412835598
0.999980986 -0.000059706 -0.006160007 -0.033580042 0.000083581 0.999992430 0.003875577 -0.076682456 0.006159729 -0.003876019 0.999973536 5.904878139
0.999972284 -0.000429095 -0.007429122 -0.049381956 0.000460064 0.999991119 0.004167395 -0.086281762 0.007427269 -0.004170698 0.999963701 7.386687756
0.999959707 -0.000453882 -0.008966796 -0.069317065 0.000493506 0.999990106 0.004417278 -0.094497606 0.008964702 -0.004421525 0.999950051 8.867197037
0.999942422 -0.002050944 -0.010530873 -0.086761877 0.002093506 0.999989688 0.004032208 -0.114190847 0.010522494 -0.004054022 0.999936461 10.299403191
0.999932885 -0.002788764 -0.011237140 -0.115763761 0.002836731 0.999986947 0.004254899 -0.127189055 0.011225127 -0.004286491 0.999927819 11.776814461
0.999915183 -0.002784831 -0.012720713 -0.127829611 0.002839423 0.999986827 0.004275488 -0.137840629 0.012708642 -0.004311245 0.999909997 13.254274368
0.999895453 -0.002824754 -0.014174580 -0.155403420 0.002881494 0.999987960 0.003984130 -0.144036323 0.014163154 -0.004024559 0.999891698 14.727560043
0.999874413 -0.001139073 -0.015805895 -0.125082195 0.001218197 0.999986708 0.004997290 -0.168552667 0.015799997 -0.005015916 0.999862611 16.199316025
0.999871969 0.001544679 -0.015926050 -0.148856476 -0.001451512 0.999981701 0.005859839 -0.183096990 0.015934814 -0.005835973 0.999855936 17.656539917
0.999882460 0.002687669 -0.015093912 -0.191091269 -0.002589802 0.999975383 0.006499633 -0.192280218 0.015111013 -0.006459780 0.999864876 19.102993011
0.999863684 0.002370741 -0.016331289 -0.224214494 -0.002259217 0.999974012 0.006843918 -0.206694499 0.016347092 -0.006806091 0.999843180 20.539457321
0.999866903 0.001371366 -0.016256550 -0.264040798 -0.001265536 0.999977887 0.006518485 -0.205536023 0.016265130 -0.006497045 0.999846578 21.969661713
0.999872506 0.003714579 -0.015526518 -0.307981312 -0.003600148 0.999966204 0.007391590 -0.226464078 0.015553449 -0.007334750 0.999852121 23.347743988
0.999881089 0.004692770 -0.014690729 -0.337344944 -0.004562701 0.999950230 0.008874843 -0.240033880 0.014731647 -0.008806757 0.999852598 24.749084473
0.999881446 0.003985496 -0.014875117 -0.348208070 -0.003868619 0.999961495 0.007877774 -0.256205797 0.014905942 -0.007819293 0.999858260 26.151235580
0.999854922 0.006163518 -0.015868777 -0.353367269 -0.006077589 0.999966621 0.005457475 -0.266475499 0.015901888 -0.005360241 0.999859154 27.539659500
0.999876499 0.003740475 -0.015262766 -0.372433662 -0.003658580 0.999978781 0.005390093 -0.292288601 0.015282602 -0.005333588 0.999869049 28.939613342
0.999870181 0.001237742 -0.016060237 -0.371745586 -0.001106661 0.999966085 0.008168174 -0.288364887 0.016069803 -0.008149343 0.999837697 30.359107971
0.999879003 0.001675004 -0.015459107 -0.378934026 -0.001536836 0.999958813 0.008945196 -0.303187221 0.015473456 -0.008920358 0.999840438 31.770174026
0.999886215 0.000500201 -0.015071726 -0.396924376 -0.000375704 0.999965787 0.008261959 -0.313300401 0.015075344 -0.008255358 0.999852300 33.130039215
0.999884129 0.001406809 -0.015160351 -0.391150206 -0.001310179 0.999978781 0.006381938 -0.314944029 0.015169006 -0.006361336 0.999864697 34.494995117
0.999887228 0.002912319 -0.014735851 -0.405075997 -0.002836434 0.999982595 0.005167990 -0.321827769 0.014750646 -0.005125609 0.999878049 35.872066498
0.999898493 0.002871240 -0.013949591 -0.420310974 -0.002808076 0.999985754 0.004545482 -0.339528024 0.013962442 -0.004505849 0.999892414 37.240379333
0.999908686 0.003882699 -0.012943117 -0.444972456 -0.003813118 0.999978185 0.005396213 -0.343288600 0.012963789 -0.005346366 0.999901712 38.595710754
0.999917567 0.005761264 -0.011472575 -0.468260944 -0.005670611 0.999952614 0.007918550 -0.374640048 0.011517654 -0.007852840 0.999902844 39.852764130
0.999944866 0.003602128 -0.009860334 -0.491675109 -0.003518693 0.999957919 0.008465962 -0.368644923 0.009890417 -0.008430798 0.999915600 41.155502319
0.999958336 0.004617303 -0.007866800 -0.503125548 -0.004544441 0.999946892 0.009254873 -0.388561368 0.007909115 -0.009218737 0.999926329 42.393951416
0.999983609 0.004251305 -0.003836019 -0.526088119 -0.004218012 0.999953747 0.008645864 -0.399624407 0.003872598 -0.008629543 0.999955237 43.669353485
0.999994397 0.003234991 -0.000761206 -0.515296638 -0.003229803 0.999972165 0.006720382 -0.404068023 0.000782926 -0.006717886 0.999977112 44.905742645
0.999989688 0.004100830 0.001951734 -0.502786338 -0.004109785 0.999980867 0.004606761 -0.417515635 -0.001932804 -0.004614735 0.999987483 46.119949341
0.999974191 0.004063251 0.005926128 -0.490117043 -0.004094042 0.999978125 0.005192974 -0.433587730 -0.005904898 -0.005217102 0.999969006 47.302684784
0.999917030 0.004822835 0.011938612 -0.508371890 -0.004883348 0.999975324 0.005044801 -0.438697845 -0.011913989 -0.005102685 0.999915957 48.546661377
0.999822795 0.006631411 0.017612023 -0.478912771 -0.006702637 0.999969542 0.003988187 -0.446627378 -0.017585041 -0.004105528 0.999836922 49.730548859
0.999630630 0.007857069 0.026013717 -0.493542075 -0.007968592 0.999959409 0.004186179 -0.461843789 -0.025979770 -0.004391926 0.999652803 50.820621490
0.999329746 0.009462554 0.035361230 -0.486850739 -0.009655437 0.999939322 0.005287886 -0.478661239 -0.035309054 -0.005625770 0.999360561 51.941902161
0.998871744 0.011752058 0.046009865 -0.442514420 -0.012033269 0.999910474 0.005839678 -0.490587473 -0.045937125 -0.006386739 0.998923898 53.137920380
0.998172998 0.013766819 0.058830455 -0.388389587 -0.014099892 0.999886811 0.005250201 -0.496878237 -0.058751516 -0.006070111 0.998254120 54.259891510
0.997179151 0.016226197 0.073282212 -0.294825554 -0.016728206 0.999840498 0.006241717 -0.514905572 -0.073169269 -0.007449990 0.997291744 55.412944794
0.995776832 0.018487258 0.089925826 -0.214538097 -0.019214885 0.999789178 0.007232321 -0.520165145 -0.089773186 -0.008929692 0.995922208 56.531723022
0.994053721 0.018070025 0.107379951 -0.107783794 -0.019041942 0.999786437 0.008032683 -0.529981017 -0.107211888 -0.010029643 0.994185627 57.622867584
0.991909206 0.018037733 0.125660956 0.013548374 -0.019084690 0.999792397 0.007132631 -0.542903006 -0.125506207 -0.009473125 0.992047608 58.616313934
0.989196837 0.017655510 0.145525843 0.157790184 -0.018788802 0.999802887 0.006416685 -0.562924027 -0.145383865 -0.009081621 0.989333689 59.598144531
0.985839427 0.014405683 0.167072326 0.309965134 -0.015654022 0.999858439 0.006157259 -0.569501340 -0.166960001 -0.008685420 0.985925436 60.694179535
0.981971264 0.009122565 0.188810065 0.506732941 -0.010788063 0.999911368 0.007795181 -0.569205642 -0.188722238 -0.009691538 0.981982708 61.750015259
0.977461696 0.003755525 0.211079076 0.762543678 -0.005823099 0.999940991 0.009174537 -0.581256568 -0.211032137 -0.010196896 0.977425873 62.742858887
0.971817017 -0.001458975 0.235731989 0.994699478 -0.000583420 0.999962866 0.008594073 -0.590598106 -0.235735774 -0.008489397 0.971780121 63.753917694
0.965665340 -0.007676490 0.259675652 1.272370338 0.006165907 0.999959052 0.006631246 -0.601297975 -0.259715915 -0.004802431 0.965673089 64.703979492
0.957956553 -0.011140813 0.286696881 1.598567963 0.009504605 0.999929607 0.007098197 -0.606149793 -0.286755770 -0.004074823 0.957995057 65.719299316
0.949582040 -0.013612386 0.313223004 1.935691833 0.011232512 0.999892712 0.009401398 -0.614373446 -0.313317388 -0.005409118 0.949633062 66.685630798
0.940063059 -0.018207433 0.340514034 2.286077499 0.014972529 0.999814332 0.012125574 -0.619539797 -0.340671539 -0.006300447 0.940161169 67.627113342
0.929366827 -0.021328956 0.368540704 2.677639008 0.018387748 0.999764860 0.011491206 -0.622106135 -0.368699193 -0.003902911 0.929540575 68.552009583
0.917326212 -0.020585172 0.397603869 3.081312180 0.019248869 0.999787629 0.007352320 -0.624791861 -0.397670746 0.000908949 0.917527735 69.460067749
0.904086590 -0.021405915 0.426812857 3.499013901 0.022772253 0.999738812 0.001903013 -0.629028976 -0.426742136 0.007999004 0.904337943 70.350540161
0.889803410 -0.023092821 0.455759257 3.919885635 0.026164742 0.999657512 -0.000431297 -0.643033624 -0.455593228 0.012308593 0.890102983 71.183319092
0.873898864 -0.023594536 0.485534817 4.366634369 0.025577717 0.999669552 0.002542360 -0.648099124 -0.485434383 0.010197106 0.874213636 72.021568298
0.856055498 -0.023083489 0.516368330 4.831722260 0.021703189 0.999726415 0.008710917 -0.668154657 -0.516428113 0.003749812 0.856322289 72.827682495
0.836315691 -0.022468146 0.547787547 5.345958710 0.019108692 0.999747396 0.011832269 -0.668649554 -0.547915041 0.000571994 0.836533785 73.612037659
0.815193534 -0.016698742 0.578947961 5.883131027 0.015616382 0.999854505 0.006850248 -0.673056722 -0.578978181 0.003456795 0.815335751 74.385459900
0.793424010 -0.009537481 0.608594477 6.447345734 0.012354045 0.999923587 -0.000435826 -0.677613556 -0.608543813 0.007864397 0.793481231 75.111808777
0.771169364 -0.007133141 0.636590064 7.047237396 0.011330379 0.999932647 -0.002521217 -0.688577890 -0.636529207 0.009157093 0.771198094 75.803024292
0.748050928 -0.009513663 0.663573086 7.670951843 0.012349346 0.999923646 0.000414416 -0.697139978 -0.663526416 0.007884691 0.748111308 76.493690491
0.723883212 -0.009414882 0.689858258 8.316055298 0.012350133 0.999923408 0.000687255 -0.705199122 -0.689811945 0.008022349 0.723944187 77.155288696
0.698512435 -0.007329618 0.715560436 8.958839417 0.012829124 0.999915004 -0.002281159 -0.718720794 -0.715482891 0.010773430 0.698547065 77.792205811
0.671882987 -0.005033859 0.740640223 9.595924377 0.012968907 0.999903560 -0.004968962 -0.729305387 -0.740543783 0.012943854 0.671883583 78.392929077
0.645222843 -0.002895141 0.763988972 10.279613495 0.011362423 0.999918520 -0.005806876 -0.745909691 -0.763909936 0.012427496 0.645203233 78.970901489
0.617368639 -0.001209383 0.786673009 11.003108978 0.011177646 0.999911368 -0.007234841 -0.759946048 -0.786594570 0.013259719 0.617327571 79.533889771
0.589093089 0.004862145 0.808050692 11.723274231 0.010219566 0.999857068 -0.013466641 -0.782859683 -0.808000624 0.016191028 0.588959217 80.054725647
0.559093833 0.014298470 0.828981102 12.466194153 0.009192285 0.999682903 -0.023442375 -0.799917698 -0.829053402 0.020726712 0.558785081 80.568679810
0.528138578 0.022399262 0.848862648 13.204265594 0.007815953 0.999481440 -0.031236561 -0.837968707 -0.849122286 0.023131909 0.527689636 81.031646729
0.497540027 0.027408341 0.867007852 14.009826660 0.005599060 0.999378324 -0.034805987 -0.861965179 -0.867422879 0.022171794 0.497077346 81.470046997
0.465289801 0.027303403 0.884737253 14.829307556 0.003640236 0.999456644 -0.032758124 -0.891021907 -0.885150969 0.018462675 0.464937598 81.907089233
0.431576967 0.026100164 0.901698470 15.642667770 -0.001397354 0.999599457 -0.028265148 -0.927769780 -0.902074993 0.010938596 0.431440502 82.323501587
0.396794558 0.027268412 0.917502284 16.443912506 -0.005301759 0.999610007 -0.027415810 -0.963778019 -0.917892158 0.006014071 0.396784425 82.713500977
0.361258924 0.029699754 0.931992412 17.289796829 -0.012127554 0.999557734 -0.027151968 -1.005522251 -0.932386756 -0.001493899 0.361459285 83.070846558
0.326516867 0.031584278 0.944663644 18.182165146 -0.016448986 0.999480009 -0.027731560 -1.033401728 -0.945048392 -0.006483930 0.326866627 83.375892639
0.289598525 0.031739309 0.956621885 19.077512741 -0.018296534 0.999450982 -0.027621403 -1.048905253 -0.956973433 -0.009503746 0.290020257 83.671867371
0.253367722 0.030847158 0.966878057 19.965158463 -0.019825080 0.999447107 -0.026691128 -1.096330047 -0.967166841 -0.012405764 0.253839195 83.908607483
0.217581362 0.030548587 0.975564003 20.900169373 -0.019303635 0.999449253 -0.026991209 -1.126953244 -0.975851238 -0.012959146 0.218051285 84.109107971
0.181827605 0.028652182 0.982912838 21.790874481 -0.016939955 0.999518394 -0.026002534 -1.167322874 -0.983184516 -0.011922523 0.182225406 84.294448853
0.147092715 0.027962612 0.988727212 22.749538422 -0.008629541 0.999598622 -0.026986245 -1.196968913 -0.989085078 -0.004562783 0.147274986 84.432502747
0.113958970 0.031309631 0.992991924 23.695568085 -0.006660639 0.999504864 -0.030750588 -1.232765555 -0.993463159 -0.003109656 0.114111096 84.510047913
0.081540197 0.036257211 0.996010303 24.666439056 -0.005510367 0.999339104 -0.035927273 -1.267053246 -0.996654928 -0.002558866 0.081686094 84.587013245
0.051460251 0.039819647 0.997880757 25.596735001 0.001390420 0.999201059 -0.039944027 -1.316674232 -0.998674095 0.003443004 0.051363751 84.644660950
0.025038380 0.037959695 0.998965561 26.568010330 0.003421378 0.999269724 -0.038057011 -1.360205054 -0.999680638 0.004370725 0.024890225 84.680000305
0.003016836 0.035780400 0.999355078 27.575283051 0.004291384 0.999349952 -0.035793178 -1.388550997 -0.999986172 0.004396598 0.002861329 84.672348022
-0.015514780 0.033454958 0.999319792 28.589744568 0.004551495 0.999432087 -0.033388056 -1.427361965 -0.999869227 0.004030391 -0.015658237 84.657920837
-0.033461843 0.036950685 0.998756707 29.641162872 0.005637154 0.999307394 -0.036782201 -1.465012908 -0.999424160 0.004399346 -0.033646975 84.671272278
-0.047910046 0.041194778 0.998001754 30.630355835 0.008197431 0.999131739 -0.040847898 -1.507106543 -0.998817980 0.006224027 -0.048206151 84.623291016
-0.059954207 0.045925476 0.997143984 31.513933182 0.012315800 0.998899043 -0.045265798 -1.573049426 -0.998125196 0.009566755 -0.060453817 84.563552856
-0.069366679 0.049780309 0.996348441 32.484775543 0.017439760 0.998662114 -0.048681736 -1.620228171 -0.997438848 0.013999191 -0.070142031 84.475051880
-0.072637863 0.054176617 0.995885849 33.463764191 0.021577189 0.998375177 -0.052738249 -1.684154391 -0.997125030 0.017657623 -0.073688820 84.358215332
-0.076899156 0.059534486 0.995259821 34.464271545 0.023624115 0.998044252 -0.057875711 -1.739320397 -0.996758938 0.019061537 -0.078155205 84.291458130
-0.079535007 0.063382290 0.994814992 35.469062805 0.026222436 0.997764170 -0.061473716 -1.806151390 -0.996487260 0.021197157 -0.081019230 84.216247559
-0.083234124 0.066790730 0.994289160 36.484725952 0.026108053 0.997555077 -0.064824559 -1.864300847 -0.996187985 0.020563340 -0.084774390 84.141250610
-0.086157836 0.070181549 0.993806541 37.472305298 0.026679460 0.997320592 -0.068116710 -1.937243700 -0.995924175 0.020645432 -0.087799385 84.063285828
-0.088116698 0.073902316 0.993364930 38.455520630 0.027993366 0.997033894 -0.071692124 -2.011187792 -0.995716751 0.021490358 -0.089924112 83.972206116
-0.090825267 0.075445242 0.993004978 39.450267792 0.030388784 0.996871829 -0.072959535 -2.088122129 -0.995403051 0.023549646 -0.092833839 83.902420044
-0.091765612 0.074446835 0.992993712 40.476448059 0.030732272 0.996938050 -0.071902499 -2.164032221 -0.995306253 0.023918783 -0.093772560 83.785385132
-0.094728425 0.074047394 0.992745459 41.460159302 0.029529007 0.996999979 -0.071547076 -2.239099979 -0.995065093 0.022537246 -0.096630774 83.714286804
-0.096671462 0.075277008 0.992465556 42.477043152 0.028932240 0.996927023 -0.072797246 -2.319272995 -0.994895756 0.021676837 -0.098552309 83.599502563
-0.099466659 0.077537596 0.992015243 43.491813660 0.027608719 0.996790469 -0.075142562 -2.397269249 -0.994657815 0.019914092 -0.101288132 83.517547607
-0.102050014 0.079661556 0.991584599 44.500766754 0.026511775 0.996652186 -0.077340193 -2.483260632 -0.994425952 0.018396100 -0.103820331 83.417427063
-0.103808269 0.083377808 0.991096497 45.552600861 0.024188071 0.996397018 -0.081290245 -2.566379786 -0.994303167 0.015534113 -0.105451003 83.293701172
-0.105762064 0.087317429 0.990550518 46.573001862 0.020445626 0.996117711 -0.085625164 -2.661142588 -0.994181216 0.011196530 -0.107136734 83.182304382
-0.108678944 0.090068094 0.989988148 47.621017456 0.017727137 0.995904148 -0.088660277 -2.743549585 -0.993918896 0.007914147 -0.109830461 83.076179504
-0.111078732 0.088830158 0.989833653 48.671981812 0.015303846 0.996032119 -0.087669030 -2.831249714 -0.993693888 0.005410094 -0.111997433 82.958671570
-0.113782875 0.084266223 0.989925563 49.702796936 0.012678294 0.996438563 -0.083363369 -2.933064461 -0.993424714 0.003065244 -0.114446007 82.844558716
-0.116086304 0.082544960 0.989803135 50.729789734 0.012846692 0.996582031 -0.081603616 -3.025264263 -0.993156075 0.003242636 -0.116749957 82.729919434
-0.117447846 0.083198331 0.989587843 51.762149811 0.011929260 0.996530712 -0.082366221 -3.113783836 -0.993007421 0.002131315 -0.118032880 82.600112915
-0.118131861 0.085334145 0.989324450 52.755020142 0.012511298 0.996349454 -0.084446155 -3.215258598 -0.992919147 0.002401954 -0.118768245 82.459236145
-0.119497024 0.088240042 0.988905489 53.791122437 0.011888602 0.996098340 -0.087445267 -3.306270599 -0.992763460 0.001307256 -0.120079838 82.344383240
-0.119046614 0.089094356 0.988883197 54.883605957 0.010048127 0.996022999 -0.088527977 -3.398779869 -0.992837846 -0.000602532 -0.119468428 82.193611145
-0.118968606 0.087728076 0.989014745 55.937294006 0.007864511 0.996141016 -0.087414175 -3.497243166 -0.992866933 -0.002621424 -0.119199447 82.076889038
-0.120094001 0.087069951 0.988936901 57.006366730 0.003123977 0.996174693 -0.087327816 -3.596286297 -0.992757618 -0.007398128 -0.119906604 81.992706299
-0.120057382 0.088034794 0.988855958 58.055557251 -0.000796768 0.996051669 -0.088772148 -3.697849512 -0.992766678 -0.011445637 -0.119513191 81.874191284
-0.120227799 0.088285215 0.988812923 59.105194092 -0.005739134 0.995959401 -0.089621112 -3.787430525 -0.992729723 -0.016449878 -0.119235337 81.745147705
-0.121516012 0.087329119 0.988740385 60.151931763 -0.009150188 0.995981336 -0.089093223 -3.896381855 -0.992547333 -0.019873418 -0.120228603 81.657806396
-0.122636437 0.081779070 0.989076614 61.181236267 -0.008994157 0.996466696 -0.083505310 -3.994691849 -0.992410839 -0.019136706 -0.121467598 81.558792114
-0.122331433 0.072546199 0.989834368 62.267238617 -0.005337010 0.997262418 -0.073750213 -4.093945503 -0.992474854 -0.014304726 -0.121609360 81.425033569
-0.120891973 0.067694902 0.990354776 63.311668396 -0.000418921 0.997668386 -0.068245955 -4.176709175 -0.992665529 -0.008665272 -0.120581754 81.280990601
-0.119695276 0.069423728 0.990380406 64.354972839 0.007474489 0.997586787 -0.069025531 -4.264755249 -0.992782533 -0.000859443 -0.119925335 81.150863647
-0.119797461 0.075381957 0.989932358 65.445526123 0.013454949 0.997145057 -0.074302919 -4.342826843 -0.992707133 0.004418186 -0.120469712 81.056808472
-0.119549476 0.080935091 0.989523828 66.500488281 0.017295012 0.996690214 -0.079431742 -4.432811260 -0.992677629 0.007617802 -0.120553583 80.949890137
-0.119053751 0.085525386 0.989197552 67.602279663 0.016703114 0.996314764 -0.084130466 -4.519948959 -0.992747307 0.006506631 -0.120043561 80.809150696
-0.118984781 0.082603060 0.989454091 68.703628540 0.014013153 0.996573925 -0.081512302 -4.609107018 -0.992797196 0.004166645 -0.119734637 80.711593628
-0.119401626 0.078474425 0.989739954 69.811935425 0.013082884 0.996909261 -0.077464566 -4.700262547 -0.992759883 0.003699255 -0.120059259 80.602996826
-0.118428156 0.075931072 0.990055203 70.953292847 0.010682530 0.997111619 -0.075194463 -4.787951469 -0.992905140 0.001671155 -0.118897244 80.435844421
-0.118358999 0.076429829 0.990025103 72.055221558 0.008645116 0.997074962 -0.075940542 -4.876405716 -0.992933214 -0.000429363 -0.118673541 80.305206299
-0.117806472 0.081628226 0.989675939 73.158721924 0.009061837 0.996662557 -0.081125811 -4.968282223 -0.992995262 -0.000588865 -0.118153013 80.171417236
-0.118580610 0.084209107 0.989367247 74.244552612 0.007900763 0.996445835 -0.083864652 -5.058365822 -0.992912948 -0.002127965 -0.118824460 80.069519043
-0.116112180 0.082998209 0.989762306 75.347808838 0.008324024 0.996548831 -0.082590781 -5.157656670 -0.993201196 -0.001350993 -0.116402335 79.923263550
-0.118234679 0.075965628 0.990075588 76.456680298 0.009657723 0.997110248 -0.075352043 -5.262027740 -0.992938757 0.000652648 -0.118626691 79.839637756
-0.119393051 0.074825160 0.990023434 77.615989685 0.008616749 0.997196615 -0.074328177 -5.346933365 -0.992809653 -0.000343482 -0.119703099 79.709564209
-0.118645981 0.078353345 0.989840329 78.775085449 0.007165698 0.996923268 -0.078055136 -5.432968140 -0.992910743 -0.002168030 -0.118842408 79.556770325
-0.118233837 0.080683380 0.989702463 79.881309509 0.005325520 0.996730626 -0.080620132 -5.526546001 -0.992971539 -0.004261348 -0.118276954 79.445098877
-0.118417196 0.080459312 0.989698827 81.024673462 0.004582753 0.996745288 -0.080483854 -5.615190983 -0.992953360 -0.004995129 -0.118400529 79.320610046
-0.117564768 0.076416694 0.990120649 82.153854370 0.003302720 0.997059524 -0.076560035 -5.718149185 -0.993059814 -0.005730674 -0.117471427 79.181861877
-0.117227696 0.075016633 0.990267694 83.303688049 0.004871624 0.997174323 -0.074963130 -5.819206238 -0.993093133 -0.003963545 -0.117261909 79.050544739
-0.115274869 0.074986756 0.990499258 84.456863403 0.005730602 0.997180164 -0.074825615 -5.919381618 -0.993317127 -0.002949356 -0.115379542 78.904846191
-0.113980927 0.075528763 0.990607798 85.627197266 0.007824628 0.997143269 -0.075126752 -6.010132790 -0.993452191 -0.000811881 -0.114246294 78.770057678
-0.114016958 0.074735165 0.990663826 86.842864990 0.007541316 0.997202933 -0.074360512 -6.099767208 -0.993450105 -0.001007451 -0.114261635 78.674392700
-0.112442389 0.075252406 0.990804613 88.035247803 0.009044401 0.997164428 -0.074709021 -6.192601204 -0.993616998 0.000560773 -0.112804160 78.556411743
-0.111559786 0.073921792 0.991004467 89.250938416 0.009832335 0.997262776 -0.073281750 -6.278807163 -0.993709087 0.001568589 -0.111981235 78.439941406
-0.109593637 0.073011324 0.991291344 90.445449829 0.007762898 0.997331083 -0.072597936 -6.370985985 -0.993946075 -0.000260980 -0.109867916 78.322395325
-0.108196862 0.072038941 0.991516054 91.565780640 0.009720500 0.997399986 -0.071405709 -6.460459232 -0.994081914 0.001912155 -0.108615808 78.194030762
-0.104451969 0.072260454 0.991901338 92.752586365 0.008098319 0.997385621 -0.071807183 -6.562643528 -0.994496942 0.000532331 -0.104764096 78.040611267
-0.104298942 0.075088248 0.991707325 93.931564331 0.007515846 0.997176826 -0.074711896 -6.651809692 -0.994517624 -0.000338854 -0.104568847 77.927154541
-0.103492275 0.073974825 0.991875529 95.136718750 0.005070972 0.997256696 -0.073847033 -6.743480682 -0.994617343 -0.002612825 -0.103583492 77.806640625
-0.101134621 0.072327264 0.992240191 96.380218506 0.001549872 0.997364104 -0.072542787 -6.848885059 -0.994871557 -0.005798742 -0.100980133 77.659133911
-0.101416297 0.073436923 0.992129922 97.614273071 -0.001286764 0.997261167 -0.073948279 -6.940837860 -0.994843245 -0.008776197 -0.101044036 77.554992676
-0.102470838 0.072750181 0.992072046 98.854530334 -0.004149799 0.997282088 -0.073560864 -7.035717010 -0.994727254 -0.011654746 -0.101890437 77.453041077
-0.103080399 0.069545247 0.992238700 100.066116333 -0.007734840 0.997466564 -0.070715196 -7.139698982 -0.994642973 -0.014964160 -0.102281325 77.318199158
-0.103922434 0.068177566 0.992245853 101.251937866 -0.010043142 0.997525036 -0.069592148 -7.232403755 -0.994534671 -0.017197452 -0.102980524 77.188751221
-0.104931578 0.067543462 0.992183089 102.515220642 -0.011802703 0.997536063 -0.069156095 -7.323198318 -0.994409442 -0.018967103 -0.103875823 77.059593201
-0.107096910 0.067269638 0.991970241 103.748924255 -0.012408411 0.997540474 -0.068987019 -7.424369335 -0.994171202 -0.019697074 -0.105998784 76.929191589
-0.108481392 0.066082388 0.991899729 104.997718811 -0.012724677 0.997614026 -0.067854777 -7.517236233 -0.994016945 -0.019982582 -0.107381679 76.795555115
-0.111458056 0.061044574 0.991892457 106.233619690 -0.015651606 0.997880042 -0.063171826 -7.608530521 -0.993645847 -0.022565719 -0.110266283 76.670623779
-0.115338236 0.061113741 0.991444528 107.452209473 -0.016312683 0.997854531 -0.063406579 -7.697341919 -0.993192375 -0.023486320 -0.114093840 76.536293030
-0.120198429 0.066624768 0.990511715 108.662811279 -0.021979649 0.997322321 -0.069750093 -7.788700104 -0.992506623 -0.030154957 -0.118412204 76.393005371
-0.127896547 0.069806553 0.989327788 109.878059387 -0.022057550 0.997072935 -0.073204570 -7.875498772 -0.991542399 -0.031184757 -0.125982404 76.269241333
-0.135467753 0.065678969 0.988602400 111.092269897 -0.019137353 0.997440815 -0.068888523 -7.971735001 -0.990596890 -0.028251411 -0.133864149 76.094970703
-0.147568420 0.063367508 0.987019777 112.327148438 -0.016668474 0.997644484 -0.066541694 -8.069266319 -0.988911390 -0.026271572 -0.146164581 75.922027588
-0.159495622 0.065160364 0.985045850 113.540847778 -0.014797272 0.997549415 -0.068383403 -8.148402214 -0.987087786 -0.025482843 -0.158140570 75.737045288
-0.173442006 0.065054476 0.982693076 114.733772278 -0.014051566 0.997550845 -0.068518095 -8.238555908 -0.984743774 -0.025692301 -0.172103107 75.540924072
-0.188606411 0.062827326 0.980040967 115.934165955 -0.013598316 0.997688711 -0.066575624 -8.328853607 -0.981958687 -0.025883496 -0.187316149 75.352249146
-0.203914702 0.065389842 0.976802409 117.142112732 -0.009746174 0.997581780 -0.068815455 -8.415881157 -0.978940129 -0.023552569 -0.202784330 75.106140137
-0.217898056 0.068423703 0.973570108 118.291946411 -0.009007124 0.997355878 -0.072111309 -8.515246391 -0.975929976 -0.024481984 -0.216705620 74.843528748
-0.234343529 0.072028160 0.969481826 119.443214417 -0.008851263 0.997052014 -0.076216027 -8.615783691 -0.972113490 -0.026441874 -0.233015165 74.611907959
-0.250240058 0.070215739 0.965634406 120.589736938 -0.012330455 0.997054756 -0.075695850 -8.705170631 -0.968105257 -0.030848848 -0.248637274 74.330162048
-0.267014354 0.064381003 0.961539507 121.737472534 -0.018189132 0.997251630 -0.071823157 -8.802557945 -0.963520885 -0.036667392 -0.265109509 74.044036865
-0.282345265 0.060465988 0.957405329 122.908950806 -0.022325298 0.997327149 -0.069571167 -8.893983841 -0.959052980 -0.041017458 -0.280240715 73.715263367
-0.297011644 0.061911222 0.952864707 124.043403625 -0.024027169 0.997095346 -0.072274424 -8.987069130 -0.954571486 -0.044360973 -0.294661462 73.368469238
-0.311804026 0.063621536 0.948014081 125.171707153 -0.024455165 0.996887743 -0.074944839 -9.081893921 -0.949831843 -0.046551932 -0.309277773 73.015121460
-0.325118423 0.066114806 0.943359256 126.293853760 -0.022212353 0.996744037 -0.077511504 -9.180426598 -0.945412338 -0.046154652 -0.322591305 72.628219604
-0.338652045 0.065545924 0.938625872 127.418609619 -0.020124890 0.996837914 -0.076871946 -9.283527374 -0.940696418 -0.044922583 -0.336262107 72.229156494
-0.354463071 0.063371696 0.932920158 128.496673584 -0.020516310 0.996933460 -0.075515203 -9.391895294 -0.934844851 -0.045907423 -0.352075964 71.896224976
-0.368997574 0.061811183 0.927372754 129.584854126 -0.020703971 0.996991813 -0.074689455 -9.492996216 -0.929199755 -0.046760522 -0.366607785 71.481674194
-0.383478373 0.063736014 0.921347916 130.654846191 -0.021358537 0.996736944 -0.077840932 -9.588849068 -0.923302829 -0.049528949 -0.380865782 71.081283569
-0.398501992 0.065590195 0.914819121 131.719558716 -0.020319797 0.996563375 -0.080302484 -9.693513870 -0.916942358 -0.050589647 -0.395799726 70.645584106
-0.413266450 0.067438804 0.908109426 132.789764404 -0.018305989 0.996436954 -0.082329035 -9.797922134 -0.910426080 -0.050647672 -0.410559535 70.184875488
-0.427777648 0.070067033 0.901164174 133.864624023 -0.015405804 0.996280849 -0.084775560 -9.905357361 -0.903752804 -0.050148245 -0.425107330 69.684829712
-0.441810727 0.073673815 0.894077897 134.902618408 -0.014495187 0.995905757 -0.089227475 -10.019755363 -0.896991134 -0.052381482 -0.438933969 69.193847656
-0.457877725 0.075858191 0.885772824 135.975097656 -0.013835918 0.995624125 -0.092418052 -10.122804642 -0.888907552 -0.054571658 -0.454824537 68.665893555
-0.473547012 0.073278107 0.877714992 137.040420532 -0.014792930 0.995730698 -0.091112062 -10.234356880 -0.880644321 -0.056129832 -0.470441252 68.132186890
-0.489819139 0.068852387 0.869101048 138.121444702 -0.017617244 0.995891392 -0.088826001 -10.343767166 -0.871646047 -0.058819830 -0.486593664 67.559265137
-0.506699324 0.068845421 0.859369516 139.182464600 -0.018003618 0.995744050 -0.090385839 -10.458810806 -0.861934781 -0.061270200 -0.503303409 66.962066650
-0.522601664 0.068181120 0.849846184 140.223358154 -0.018927407 0.995623648 -0.091515660 -10.569192886 -0.852366865 -0.063911632 -0.519024253 66.322662354
-0.538859427 0.067049392 0.839722931 141.266525269 -0.019310165 0.995582223 -0.091885835 -10.685109138 -0.842174351 -0.065728746 -0.535184205 65.685089111
-0.554771245 0.066578820 0.829334795 142.301437378 -0.020440212 0.995401561 -0.093583800 -10.800275803 -0.831751764 -0.068869382 -0.550859213 65.010574341
-0.569769323 0.065897286 0.819158316 143.320495605 -0.020374833 0.995340765 -0.094242103 -10.922254562 -0.821552038 -0.070386477 -0.565772057 64.307586670
-0.585295320 0.063317083 0.808344364 144.377410889 -0.020602809 0.995463014 -0.092891790 -11.041537285 -0.810558438 -0.071023285 -0.581335187 63.546855927
-0.600335777 0.059923418 0.797499835 145.380004883 -0.020257780 0.995729625 -0.090067707 -11.160367966 -0.799491346 -0.070226453 -0.596558213 62.793296814
-0.615494132 0.057997804 0.786004603 146.348327637 -0.019290069 0.995881319 -0.088589624 -11.280105591 -0.787905335 -0.069688469 -0.611840367 62.044620514
-0.630349517 0.056145068 0.774278641 147.332962036 -0.020093910 0.995867133 -0.088571772 -11.396661758 -0.776051164 -0.071389452 -0.626616299 61.250457764
-0.645829380 0.056925636 0.761356652 148.300354004 -0.021663928 0.995448589 -0.092805035 -11.513819695 -0.763174415 -0.076430209 -0.641656697 60.462642670
-0.661172032 0.056096073 0.748134375 149.264282227 -0.023689786 0.995142400 -0.095553175 -11.634078979 -0.749860227 -0.080900215 -0.656631410 59.650558472
-0.676317632 0.052662693 0.734725118 150.182952881 -0.025307940 0.995190859 -0.094628096 -11.760928154 -0.736175239 -0.082593016 -0.671732366 58.804477692
-0.692397535 0.044826202 0.720122397 151.100021362 -0.028921317 0.995541871 -0.089778341 -11.891432762 -0.720936298 -0.082989201 -0.688014209 57.943702698
-0.709196150 0.042286780 0.703741908 151.993225098 -0.029425703 0.995554209 -0.089475088 -12.015995026 -0.704396904 -0.084163487 -0.704798937 57.056999207
-0.725702107 0.039758969 0.686859190 152.859359741 -0.030638251 0.995470881 -0.089993909 -12.133018494 -0.687326431 -0.086352944 -0.721197248 56.143402100
-0.743460059 0.035906307 0.667815804 153.722839355 -0.033465497 0.995309234 -0.090770736 -12.254165649 -0.667942524 -0.089833207 -0.738771081 55.244255066
-0.760507882 0.034366913 0.648418605 154.530242920 -0.032226358 0.995370090 -0.090552904 -12.370668411 -0.648528516 -0.089762375 -0.755879343 54.330791473
-0.776319265 0.036473982 0.629283726 155.338623047 -0.029730234 0.995094657 -0.094353676 -12.487735748 -0.629638374 -0.091957331 -0.771426857 53.358501434
-0.791034937 0.035474475 0.610741556 156.098144531 -0.026808413 0.995348275 -0.092536449 -12.611114502 -0.611183286 -0.089572579 -0.786404312 52.383918762
-0.806749761 0.036731493 0.589750409 156.858612061 -0.022295170 0.995463073 -0.092499234 -12.732751846 -0.590472460 -0.087772325 -0.802270710 51.448280334
-0.821415305 0.037678208 0.569084644 157.598861694 -0.020512298 0.995218098 -0.095499240 -12.855499268 -0.569961667 -0.090117775 -0.816714525 50.456958771
-0.836017609 0.039157707 0.547303617 158.341552734 -0.018910175 0.994801641 -0.100060329 -12.997876167 -0.548376739 -0.094001800 -0.830931187 49.441848755
-0.848804653 0.040121961 0.527181923 159.020080566 -0.015561659 0.994788468 -0.100765347 -13.127183914 -0.528477490 -0.093733922 -0.843756855 48.368553162
-0.859762073 0.037130710 0.509343266 159.645233154 -0.014834329 0.995116770 -0.097583279 -13.276415825 -0.510479271 -0.091454171 -0.855012894 47.255268097
-0.870320559 0.038636889 0.490967691 160.281829834 -0.012252734 0.994910479 -0.100014843 -13.396323204 -0.492333233 -0.093060657 -0.865417659 46.164596558
-0.879977345 0.041542478 0.473195523 160.893951416 -0.008864375 0.994558811 -0.103798270 -13.530056000 -0.474932879 -0.095534742 -0.874821007 45.092529297
-0.889642894 0.038773913 0.455007911 161.502105713 -0.010369658 0.994416654 -0.105015121 -13.669664383 -0.456539243 -0.098144241 -0.884273469 44.073707581
-0.898044229 0.036210764 0.438412309 162.079666138 -0.010959702 0.994455278 -0.104587153 -13.803012848 -0.439768672 -0.098728754 -0.892668009 42.981452942
-0.905200660 0.034044750 0.423618376 162.641082764 -0.011670398 0.994418979 -0.104855701 -13.939020157 -0.424823970 -0.099859245 -0.899751544 41.882469177
-0.911388516 0.032601830 0.410253644 163.172180176 -0.011618111 0.994421840 -0.104834110 -14.074021339 -0.411383092 -0.100310981 -0.905925870 40.692562103
-0.917759836 0.030225787 0.395983934 163.688079834 -0.012169283 0.994490802 -0.104114689 -14.217281342 -0.396949321 -0.100371130 -0.912335932 39.529006958
-0.923073471 0.024955733 0.383813173 164.138824463 -0.014817778 0.994844675 -0.100322157 -14.357208252 -0.384338170 -0.098291986 -0.917944908 38.363143921
-0.928171873 0.021305263 0.371541232 164.609527588 -0.015961375 0.995162249 -0.096939690 -14.496269226 -0.371809244 -0.095907010 -0.923341691 37.201557159
-0.931717753 0.021882147 0.362523437 165.022735596 -0.012870103 0.995566964 -0.093170382 -14.632952690 -0.362955183 -0.091474213 -0.927305758 36.034744263
-0.934930980 0.026370591 0.353848487 165.468429565 -0.007992491 0.995416343 -0.095301107 -14.760980606 -0.354739666 -0.091928080 -0.930434883 34.839111328
-0.937506795 0.031414095 0.346546024 165.897293091 -0.002517434 0.995278060 -0.097031489 -14.887807846 -0.347957760 -0.091840088 -0.933001101 33.678192139
-0.939120233 0.035300437 0.341770381 166.307510376 0.000853307 0.994944870 -0.100420095 -15.006407738 -0.343587577 -0.094014913 -0.934402823 32.487865448
-0.941219509 0.031976458 0.336278468 166.744750977 -0.001441008 0.995120287 -0.098658450 -15.149295807 -0.337792337 -0.093343861 -0.936580539 31.315217972
-0.942782104 0.025430230 0.332438201 167.150817871 -0.006907070 0.995383263 -0.095731147 -15.270866394 -0.333337873 -0.092549786 -0.938253939 30.160156250
-0.945235312 0.019843392 0.325785965 167.605651855 -0.011556805 0.995489538 -0.094165467 -15.393934250 -0.326185018 -0.092773564 -0.940742433 28.979303360
-0.946776628 0.012577661 0.321645498 168.025177002 -0.019551035 0.995144427 -0.096463509 -15.510837555 -0.321297020 -0.097617909 -0.941933632 27.782081604
-0.949035764 0.010071462 0.315007389 168.473052979 -0.022440245 0.994793296 -0.099412329 -15.635685921 -0.314368457 -0.101414703 -0.943868399 26.604196548
-0.949588835 0.008833069 0.313373476 168.881362915 -0.024228500 0.994545341 -0.101450846 -15.778769493 -0.312560290 -0.103929155 -0.944195330 25.386505127
-0.949991763 0.008923251 0.312147558 169.277267456 -0.024925608 0.994235456 -0.104280606 -15.899244308 -0.311278671 -0.106846184 -0.944293141 24.194213867
-0.949719191 0.012528758 0.312852204 169.667861938 -0.021986209 0.994064033 -0.106552243 -16.036113739 -0.312330067 -0.108073153 -0.943806291 23.011686325
-0.949507117 0.012121860 0.313511401 170.054168701 -0.022636270 0.994002402 -0.106989592 -16.193902969 -0.312928021 -0.108684100 -0.943537951 21.843933105
-0.949315608 0.013126021 0.314050406 170.457397461 -0.022238102 0.993819296 -0.108759210 -16.341075897 -0.313536942 -0.110230692 -0.943156302 20.639163971
-0.948473394 0.012897773 0.316594332 170.849838257 -0.022676034 0.993846297 -0.108422719 -16.492292404 -0.316044480 -0.110015154 -0.942344189 19.434154510
-0.947641313 0.012539910 0.319090456 171.243270874 -0.023158837 0.993898988 -0.107836753 -16.641132355 -0.318495870 -0.109580316 -0.941569269 18.268032074
-0.946895957 0.011937336 0.321318239 171.665084839 -0.024188273 0.993834734 -0.108202718 -16.778032303 -0.320628822 -0.110228866 -0.940769196 17.119403839
-0.945266545 0.009984367 0.326146305 172.057388306 -0.026224073 0.993973911 -0.106433637 -16.915454865 -0.325243652 -0.109161034 -0.939308524 15.950359344
-0.943699777 0.006483366 0.330739737 172.469802856 -0.029353367 0.994222760 -0.103243344 -17.061706543 -0.329498380 -0.107139051 -0.938057601 14.814052582
-0.940919459 0.004484301 0.338600755 172.863616943 -0.031439573 0.994436562 -0.100535706 -17.194122314 -0.337167799 -0.105241448 -0.935543895 13.634326935
-0.938396871 0.006564427 0.345497072 173.286178589 -0.029869443 0.994536519 -0.100023873 -17.333545685 -0.344266117 -0.104181893 -0.933073997 12.454467773
-0.934967518 0.007686988 0.354650170 173.716964722 -0.029478479 0.994623542 -0.099272691 -17.473260880 -0.353506595 -0.103271276 -0.929714024 11.256000519
-0.930679023 0.010690142 0.365680665 174.123870850 -0.028295405 0.994475305 -0.101085514 -17.612546921 -0.364741057 -0.104425251 -0.925234735 10.101745605
-0.927437961 0.012077694 0.373781949 174.588027954 -0.027469179 0.994578481 -0.100294277 -17.729557037 -0.372966766 -0.103284203 -0.922078192 8.999961853
-0.922788501 0.013652539 0.385064900 175.054595947 -0.027603347 0.994461775 -0.101408824 -17.862501144 -0.384316832 -0.104207978 -0.917301118 7.873950958
-0.916694820 0.016143367 0.399261653 175.507629395 -0.026372356 0.994560778 -0.100763418 -18.012563705 -0.398716688 -0.102898769 -0.911283135 6.764209747
-0.911050916 0.017623970 0.411916822 176.007476807 -0.026011692 0.994638622 -0.100086845 -18.156347275 -0.411472321 -0.101898879 -0.905708194 5.669738770
-0.904790640 0.017396230 0.425501078 176.524963379 -0.026150286 0.995010078 -0.096286401 -18.286853790 -0.425052881 -0.098246016 -0.899820983 4.555198669
-0.899497151 0.020415701 0.436449260 177.101074219 -0.024216700 0.995042741 -0.096454173 -18.417474747 -0.436254889 -0.097329631 -0.894543827 3.434562683
-0.891717613 0.024306633 0.451939166 177.666183472 -0.020995488 0.995260119 -0.094954096 -18.537597656 -0.452105075 -0.094160907 -0.886980712 2.267089844
-0.885229588 0.025129106 0.464475214 178.261688232 -0.020212233 0.995518506 -0.092381582 -18.666923523 -0.464715183 -0.091166995 -0.880754471 1.153007507
-0.876176059 0.028736737 0.481133610 178.757720947 -0.015806332 0.995971084 -0.088270880 -18.792854309 -0.481731862 -0.084945805 -0.872191846 0.113868713
-0.868231475 0.032031596 0.495124191 179.346313477 -0.012181335 0.996237040 -0.085811354 -18.915225983 -0.496009648 -0.080535427 -0.864574194 -0.939247131
-0.859484255 0.035359178 0.509937823 179.981536865 -0.009582439 0.996314764 -0.085235566 -19.024078369 -0.511072397 -0.078145079 -0.855978131 -1.996498108
-0.848263741 0.037301816 0.528258681 180.537811279 -0.007174335 0.996615112 -0.081894152 -19.157527924 -0.529525399 -0.073257737 -0.845125020 -3.026397705
-0.837646425 0.039952982 0.544749796 181.173217773 -0.004829459 0.996740401 -0.080528982 -19.266918182 -0.546191514 -0.070085660 -0.834723234 -4.020683289
-0.826599181 0.041835845 0.561233938 181.859863281 -0.003027547 0.996888220 -0.078769691 -19.386077881 -0.562782884 -0.066810124 -0.823900342 -5.013221741
-0.814990103 0.043431789 0.577844918 182.547225952 -0.002104213 0.996958852 -0.077900857 -19.499956131 -0.579470992 -0.064704344 -0.812420309 -5.993217468
-0.801861584 0.044883370 0.595821619 183.247283936 -0.001509201 0.997019410 -0.077136777 -19.607534409 -0.597507834 -0.062752239 -0.799403965 -6.983291626
-0.787830472 0.048121504 0.614009202 183.990127563 0.002379038 0.997173250 -0.075098544 -19.688941956 -0.615887523 -0.057704162 -0.785718024 -7.954727173
