1.000000000 0.000000000 0.000000000 0.000000000 0.000000000 1.000000000 0.000000000 0.000000000 0.000000000 0.000000000 1.000000000 0.000000000
0.999998808 0.000697117 0.001368527 -0.008082593 -0.000690724 0.999988854 -0.004666375 -0.003998337 -0.001371764 0.004665424 0.999988198 0.954472780
0.999997497 -0.001395783 0.001762952 0.018655606 0.001404986 0.999985337 -0.005229849 -0.005201972 -0.001755627 0.005232312 0.999984741 1.902448058
0.999994040 -0.003205715 0.001280343 0.029034959 0.003207412 0.999993980 -0.001325140 -0.002630519 -0.001276088 0.001329239 0.999998331 2.864430189
0.999982715 -0.005837128 0.000702850 0.029108757 0.005833812 0.999972224 0.004632135 -0.002123663 -0.000729869 -0.004627955 0.999989033 3.815292358
0.999956310 -0.009278867 -0.001122760 0.040021893 0.009284105 0.999945581 0.004755694 0.000555137 0.001078572 -0.004765911 0.999988079 4.746448040
0.999925613 -0.011811396 -0.003042687 0.060808353 0.011816896 0.999928534 0.001795798 0.006550723 0.003021259 -0.001831619 0.999993742 5.685228825
0.999906301 -0.012971309 -0.004373746 0.067128971 0.012964996 0.999914885 -0.001468763 0.006195287 0.004392425 0.001411920 0.999989331 6.606054306
0.999903083 -0.012511027 -0.006094841 0.077004254 0.012500760 0.999920309 -0.001719732 -0.001914678 0.006115871 0.001643376 0.999979973 7.538078308
0.999901354 -0.012224624 -0.006920165 0.061002474 0.012224432 0.999925196 -0.000070267 0.003158577 0.006920507 -0.000014335 0.999976039 8.495088577
0.999898493 -0.011574587 -0.008308052 0.059908070 0.011599170 0.999928474 0.002916863 0.003296047 0.008273697 -0.003012933 0.999961257 9.415160179
0.999883950 -0.012061365 -0.009307659 0.048086017 0.012101603 0.999917626 0.004278842 0.008716650 0.009255285 -0.004390984 0.999947548 10.343536377
0.999863029 -0.013111034 -0.010096094 0.052313805 0.013164998 0.999899328 0.005297295 0.009146813 0.010025623 -0.005429483 0.999935031 11.242334366
0.999857605 -0.012580225 -0.011249701 0.045763016 0.012640355 0.999906123 0.005290076 0.016696915 0.011182094 -0.005431523 0.999922752 12.151376724
0.999855340 -0.012795309 -0.011205212 0.020885333 0.012838173 0.999910474 0.003761691 0.023780007 0.011156078 -0.003905001 0.999930084 13.041013718
0.999834895 -0.013964921 -0.011626085 -0.008391187 0.013985584 0.999900818 0.001697751 0.029174153 0.011601224 -0.001860068 0.999930918 13.936231613
0.999797523 -0.014232728 -0.014225708 -0.004310027 0.014250265 0.999897897 0.001131889 0.022402672 0.014208146 -0.001334380 0.999898136 14.849452972
0.999787211 -0.013495498 -0.015600976 -0.022715762 0.013492200 0.999908864 -0.000316727 0.021065107 0.015603834 0.000106168 0.999878168 15.706748009
0.999761283 -0.011872292 -0.018345239 -0.022135407 0.011850572 0.999928951 -0.001292229 0.022174319 0.018359279 0.001074519 0.999830782 16.606227875
0.999751031 -0.010933269 -0.019446034 -0.051132888 0.010915302 0.999939859 -0.001029833 0.021018945 0.019456126 0.000817317 0.999810398 17.503513336
0.999721825 -0.011300432 -0.020699680 -0.074395984 0.011286047 0.999935985 -0.000811562 0.032632645 0.020707525 0.000577719 0.999785423 18.391532898
0.999725103 -0.009738909 -0.021328311 -0.123003095 0.009751863 0.999952316 0.000503423 0.031645019 0.021322390 -0.000711276 0.999772310 19.221471786
0.999698460 -0.008275384 -0.023121923 -0.135679871 0.008301471 0.999964952 0.001032447 0.033761218 0.023112569 -0.001224081 0.999732077 20.081748962
0.999643683 -0.010094415 -0.024713762 -0.152631372 0.010147001 0.999946475 0.002003316 0.022220271 0.024692219 -0.002253373 0.999692500 20.931312561
0.999607921 -0.009965360 -0.026165858 -0.163252562 0.009984734 0.999949992 0.000609853 0.034263629 0.026158476 -0.000870873 0.999657452 21.780828476
0.999512136 -0.009334070 -0.029804595 -0.157104254 0.009355647 0.999956131 0.000584517 0.038824279 0.029797826 -0.000863073 0.999555647 22.644165039
0.999514699 -0.009052349 -0.029803930 -0.197782576 0.009159697 0.999952018 0.003467235 0.035597332 0.029771112 -0.003738547 0.999549806 23.481378555
0.999428213 -0.012202523 -0.031530529 -0.199140906 0.012385470 0.999907494 0.005613367 0.047580615 0.031459115 -0.006000679 0.999487042 24.364858627
0.999425888 -0.011803148 -0.031756267 -0.230387270 0.012033463 0.999902546 0.007071270 0.053101301 0.031669714 -0.007449348 0.999470651 25.192419052
0.999398172 -0.010549922 -0.033046078 -0.255085766 0.010771963 0.999920487 0.006548298 0.037901491 0.032974370 -0.006900328 0.999432325 26.038070679
0.999372602 -0.009487328 -0.034123849 -0.284913719 0.009623285 0.999946296 0.003822183 0.046599992 0.034085754 -0.004148168 0.999410272 26.857604980
0.999359906 -0.007966974 -0.034873072 -0.331538439 0.008034796 0.999966025 0.001805113 0.051720992 0.034857500 -0.002084156 0.999390244 27.663089752
0.999323606 -0.006978178 -0.036105037 -0.367909551 0.007034112 0.999974191 0.001422430 0.052456107 0.036094185 -0.001675435 0.999346972 28.451059341
0.999333799 -0.007639197 -0.035685260 -0.445163071 0.007688222 0.999969780 0.001236848 0.050351724 0.035674725 -0.001510381 0.999362290 29.236207962
0.999253631 -0.007282899 -0.037935141 -0.479656994 0.007295735 0.999973357 0.000199970 0.052282993 0.037932679 -0.000476586 0.999280155 30.019405365
0.999182642 -0.006744495 -0.039856523 -0.519475877 0.006747132 0.999977350 -0.000068345 0.053637121 0.039856076 -0.000200628 0.999205410 30.778697968
0.999125600 -0.006477137 -0.041304447 -0.569177389 0.006544268 0.999977529 0.001490302 0.053404205 0.041293867 -0.001759306 0.999145508 31.525064468
0.999017060 -0.007343759 -0.043713529 -0.596784890 0.007514317 0.999964774 0.003738661 0.049287863 0.043684527 -0.004063462 0.999037087 32.249824524
0.998920918 -0.006071169 -0.046043694 -0.639498711 0.006322951 0.999965847 0.005324656 0.051537722 0.046009794 -0.005610042 0.998925209 32.986606598
0.998892426 -0.004584495 -0.046827126 -0.698067188 0.004844987 0.999973357 0.005450863 0.056717560 0.046800889 -0.005671703 0.998888135 33.716918945
0.998807549 -0.001840312 -0.048786309 -0.740598619 0.002053575 0.999988556 0.004321601 0.058220729 0.048777808 -0.004416635 0.998799860 34.401390076
0.998761714 -0.000491434 -0.049746055 -0.790815294 0.000697750 0.999991179 0.004130095 0.052102581 0.049743585 -0.004159691 0.998753369 35.094074249
0.998669326 -0.000058146 -0.051571112 -0.827751517 0.000333236 0.999985754 0.005325600 0.054297969 0.051570062 -0.005335698 0.998655140 35.772136688
0.998573065 0.001071542 -0.053391073 -0.862713933 -0.000685758 0.999973536 0.007243407 0.056660011 0.053397425 -0.007196459 0.998547435 36.459152222
0.998613775 0.003925391 -0.052489437 -0.920722485 -0.003513263 0.999962270 0.007941614 0.059367836 0.052518632 -0.007746194 0.998589814 37.151390076
0.998647153 0.007654578 -0.051433180 -0.965847015 -0.007381850 0.999957681 0.005490449 0.066842899 0.051473033 -0.005103349 0.998661220 37.805213928
0.998782396 0.008662216 -0.048565999 -1.026361942 -0.008558619 0.999960661 0.002340683 0.080412745 0.048584361 -0.001922175 0.998817205 38.463424683
0.998868406 0.009129249 -0.046675343 -1.059825778 -0.009127785 0.999958336 0.000244536 0.085677654 0.046675622 0.000181783 0.998910129 39.096153259
0.999018192 0.009897360 -0.043182533 -1.098374844 -0.009859531 0.999950767 0.001088917 0.096146390 0.043191187 -0.000662088 0.999066591 39.747684479
0.999090195 0.014382937 -0.040147811 -1.132964134 -0.014255865 0.999892414 0.003449566 0.099495299 0.040193111 -0.002874086 0.999187768 40.385845184
0.999188364 0.019131314 -0.035446286 -1.187172890 -0.018895887 0.999797225 0.006964938 0.106232867 0.035572357 -0.006289498 0.999347329 41.012359619
0.999244452 0.024331229 -0.030303419 -1.231712341 -0.024093201 0.999676108 0.008195392 0.106199205 0.030493010 -0.007459094 0.999507129 41.601409912
0.999284983 0.027630510 -0.025807142 -1.226026654 -0.027425138 0.999589622 0.008278561 0.112911984 0.026025295 -0.007564876 0.999632716 42.187046051
0.999262393 0.031733327 -0.021625448 -1.211685896 -0.031518225 0.999450982 0.010216436 0.116192341 0.021937780 -0.009527305 0.999713957 42.779521942
0.999231100 0.036710020 -0.013770255 -1.247009993 -0.036554769 0.999267161 0.011362178 0.119726807 0.014177268 -0.010850074 0.999840677 43.320236206
0.999172926 0.040145159 -0.006464752 -1.258749366 -0.040073566 0.999137819 0.010848332 0.125174463 0.006894688 -0.010580295 0.999920309 43.855983734
0.999080122 0.042879205 -0.000480246 -1.230636120 -0.042871524 0.999022067 0.010810543 0.132649720 0.000943324 -0.010780007 0.999941468 44.393001556
0.998864412 0.047219072 0.006334681 -1.216367006 -0.047281902 0.998829901 0.010166960 0.138660192 -0.005847194 -0.010454930 0.999928355 44.886215210
0.998562932 0.051663015 0.014246370 -1.218184471 -0.051776405 0.998629034 0.007708381 0.136232704 -0.013828601 -0.008434931 0.999868810 45.339248657
0.998353064 0.053100340 0.021711074 -1.191220522 -0.053211540 0.998572767 0.004576016 0.142282635 -0.021437099 -0.005723760 0.999753773 45.814338684
0.998110354 0.053794932 0.029692717 -1.174264669 -0.053947933 0.998534083 0.004375642 0.144696563 -0.029413804 -0.005969235 0.999549508 46.235019684
0.997878373 0.052995354 0.037819486 -1.160217881 -0.053236958 0.998567224 0.005409456 0.148800582 -0.037478626 -0.007411372 0.999269962 46.630386353
0.997499883 0.054470919 0.045021329 -1.123786211 -0.054798406 0.998479009 0.006071195 0.149440780 -0.044622149 -0.008523112 0.998967588 47.018302917
0.996872187 0.057802703 0.053895570 -1.104757071 -0.058197349 0.998288393 0.005780533 0.155218244 -0.053469192 -0.008899032 0.998529851 47.372493744
0.996111989 0.062375370 0.062211107 -1.075707197 -0.062841676 0.998008013 0.005565332 0.155173063 -0.061740045 -0.009453147 0.998047471 47.710094452
0.995253742 0.066127479 0.071393929 -1.059538126 -0.066705517 0.997756183 0.005740234 0.152232379 -0.070854150 -0.010475357 0.997431695 48.025875092
0.994607449 0.065116867 0.080719642 -1.025139093 -0.065814234 0.997813821 0.006006231 0.155692399 -0.080152065 -0.011286344 0.996718764 48.306373596
0.993769050 0.064243101 0.091081806 -0.984899521 -0.064902619 0.997882366 0.004294734 0.154373825 -0.090613015 -0.010179424 0.995834172 48.583656311
0.992741704 0.062885523 0.102514438 -0.936043262 -0.063198023 0.998000860 -0.000199961 0.155641198 -0.102322094 -0.006280201 0.994731486 48.843246460
0.991212428 0.063938960 0.115800552 -0.896485329 -0.063880742 0.997948647 -0.004217730 0.154341534 -0.115832694 -0.003216757 0.993263543 49.098258972
0.989200413 0.065520063 0.131109148 -0.851169109 -0.065236323 0.997848928 -0.006462750 0.151796699 -0.131250545 -0.002160124 0.991346836 49.369754791
0.986777782 0.067547262 0.147332624 -0.802245140 -0.067167476 0.997713089 -0.007557085 0.144536525 -0.147506133 -0.002438798 0.989058137 49.620883942
0.984121382 0.068061478 0.163929641 -0.745913506 -0.067541271 0.997678101 -0.008751617 0.139501303 -0.164144680 -0.002459363 0.986433208 49.862209320
0.981011569 0.066726282 0.182109684 -0.682170868 -0.065942056 0.997769713 -0.010364864 0.145687282 -0.182395115 -0.001840635 0.983223557 50.119541168
0.977307439 0.066014610 0.201276407 -0.615612030 -0.065186501 0.997815251 -0.010747073 0.142448545 -0.201546133 -0.002617310 0.979475498 50.365459442
0.972918332 0.066482775 0.221382231 -0.546401978 -0.065453917 0.997783542 -0.011988851 0.136855841 -0.221688613 -0.002826161 0.975113392 50.601928711
0.967738450 0.068360589 0.242505968 -0.476902008 -0.066934250 0.997657537 -0.014125844 0.134050488 -0.242903531 -0.002561834 0.970047057 50.847793579
0.961840808 0.069934107 0.264521241 -0.370440483 -0.068007685 0.997549236 -0.016445290 0.134352326 -0.265023023 -0.002171730 0.964239597 51.088836670
0.954539716 0.071030751 0.289497077 -0.285902023 -0.068809494 0.997469962 -0.017857302 0.130252659 -0.290033072 -0.002874647 0.957012296 51.326557159
0.946399033 0.073362760 0.314558208 -0.175332069 -0.071046568 0.997295022 -0.018838819 0.124936938 -0.315089405 -0.004519250 0.949051261 51.575546265
0.936644614 0.075651899 0.342014045 -0.070350647 -0.073260091 0.997113824 -0.019925660 0.117155373 -0.342534363 -0.006392725 0.939483583 51.813983917
0.925671458 0.076887101 0.370433182 0.042079926 -0.074370511 0.997007489 -0.021095185 0.104746461 -0.370946556 -0.008022094 0.928619564 52.039672852
0.913255751 0.075244769 0.400377452 0.181789398 -0.071846589 0.997138441 -0.023515649 0.098015904 -0.401001155 -0.007289950 0.916048527 52.275989532
0.898620784 0.072447203 0.432703376 0.323566437 -0.067736074 0.997356236 -0.026315084 0.091093063 -0.433465868 -0.005662349 0.901152134 52.491512299
0.881105602 0.071333736 0.467508793 0.433479309 -0.064500019 0.997447431 -0.030631147 0.081786990 -0.468500465 -0.003165049 0.883457541 52.706878662
0.862126231 0.072970256 0.501411736 0.599822998 -0.063823462 0.997333169 -0.035403561 0.069557548 -0.502657890 -0.001479498 0.864484131 52.908706665
0.840382695 0.075116515 0.536762834 0.777677536 -0.063557103 0.997174680 -0.040040027 0.058668256 -0.538253963 -0.000466145 0.842782557 53.139286041
0.815931976 0.078447580 0.572801054 0.978569031 -0.064932004 0.996917486 -0.044039141 0.047519445 -0.574490190 -0.001260187 0.818510532 53.361984253
0.788545907 0.081888109 0.609499514 1.161159515 -0.067234673 0.996633589 -0.046915241 0.037328482 -0.611289501 -0.003984672 0.791397035 53.588798523
0.758692145 0.086304896 0.645707011 1.369524002 -0.070886150 0.996237159 -0.049866840 0.022910595 -0.647581041 -0.007938099 0.761955202 53.812721252
0.726079941 0.087359011 0.682038426 1.626907349 -0.070431195 0.996128380 -0.052610110 0.003581524 -0.683993816 -0.009837629 0.729421556 54.029178619
0.690308809 0.084955379 0.718509853 1.912452698 -0.066752031 0.996325016 -0.053671710 -0.013733864 -0.720428944 -0.010911939 0.693442941 54.241912842
0.652042866 0.082982503 0.753627300 2.212181091 -0.063032590 0.996484458 -0.055187508 -0.038275957 -0.755557418 -0.011518454 0.654981136 54.442138672
0.609022081 0.083102964 0.788787663 2.533052444 -0.061083123 0.996456563 -0.057819787 -0.048166275 -0.790797710 -0.012968095 0.611940205 54.680393219
0.563086569 0.082532100 0.822266340 2.894269943 -0.056665279 0.996514678 -0.061217383 -0.066043615 -0.824452817 -0.012123276 0.565800786 54.908210754
0.514893413 0.080993302 0.853419423 3.253450394 -0.052639604 0.996635318 -0.062826075 -0.093148470 -0.855636537 -0.012574932 0.517424345 55.101013184
0.466178685 0.078253336 0.881222963 3.660570145 -0.049691390 0.996823967 -0.062231399 -0.121295452 -0.883293986 -0.014778243 0.468586534 55.287185669
0.417488188 0.078257851 0.905306220 4.121469498 -0.051402677 0.996723056 -0.062455565 -0.131702304 -0.907227278 -0.020460702 0.420142800 55.445236206
0.367853940 0.077590697 0.926640809 4.543342590 -0.054564990 0.996596634 -0.061787367 -0.159964085 -0.928281307 -0.027833413 0.370835781 55.583900452
0.319417715 0.078066513 0.944392860 4.992153168 -0.052498572 0.996528029 -0.064619809 -0.186707854 -0.946158648 -0.028938562 0.322407097 55.702449799
0.271737695 0.074998088 0.959444582 5.464999199 -0.041798297 0.996937752 -0.066090584 -0.213337660 -0.961463213 -0.022143850 0.274040401 55.809200287
0.228861794 0.069559038 0.970970571 5.955315590 -0.028756058 0.997491539 -0.064681046 -0.234542310 -0.973034143 -0.013118269 0.230287939 55.857170105
0.187000930 0.068187788 0.979990363 6.440478325 -0.020502245 0.997641623 -0.065503739 -0.271964371 -0.982145786 -0.007842742 0.187957898 55.911506653
0.147738501 0.069967926 0.986548424 6.966093063 -0.016536562 0.997529805 -0.068270348 -0.290082633 -0.988888204 -0.006227964 0.148530588 55.976608276
0.115081280 0.070678569 0.990838468 7.497231960 -0.007497308 0.997498989 -0.070282891 -0.321451962 -0.993327856 0.000659624 0.115323350 56.006130219
0.086284265 0.069085948 0.993872285 8.068944931 -0.000791918 0.997597218 -0.069276124 -0.358554780 -0.996270299 0.005190373 0.086131647 56.028892517
0.061108463 0.067402579 0.995852649 8.648192406 0.006500086 0.997669280 -0.067924388 -0.394030571 -0.998109937 0.010623885 0.060527917 56.042003632
0.041573904 0.066279642 0.996934652 9.228996277 0.011407915 0.997700810 -0.066806309 -0.423978150 -0.999070227 0.014150345 0.040722210 56.043724060
0.025578676 0.068376094 0.997331679 9.814846992 0.014091239 0.997534394 -0.068751395 -0.445971012 -0.999573469 0.015812207 0.024552099 56.040279388
0.012522141 0.068097740 0.997600079 10.415213585 0.014913308 0.997554600 -0.068281837 -0.480981529 -0.999810338 0.015732555 0.011475958 56.023906708
0.000682922 0.068918765 0.997621953 11.032000542 0.015893295 0.997495472 -0.068920910 -0.520414829 -0.999873459 0.015902568 -0.000414135 56.022975922
-0.008078127 0.072081745 0.997366011 11.636011124 0.020886168 0.997193098 -0.071900107 -0.552627563 -0.999749243 0.020250335 -0.009560965 55.989067078
-0.014444689 0.074072562 0.997148335 12.269382477 0.025649434 0.996951520 -0.073686399 -0.589067996 -0.999566615 0.024511905 -0.016300576 55.958179474
-0.018721946 0.073530741 0.997117162 12.911194801 0.026036847 0.996989608 -0.073032461 -0.619931638 -0.999485612 0.024594476 -0.020580096 55.929740906
-0.022792771 0.070758037 0.997233093 13.566916466 0.023538539 0.997253656 -0.070221491 -0.660411656 -0.999463081 0.021872865 -0.024395712 55.927619934
-0.024679914 0.064018734 0.997643530 14.241292000 0.021617305 0.997748315 -0.063490696 -0.698815703 -0.999461651 0.019999420 -0.026008252 55.900192261
-0.025424024 0.058326207 0.997973740 14.895655632 0.022723513 0.998072267 -0.057753064 -0.731463134 -0.999418437 0.021209154 -0.026700387 55.862552643
-0.026504239 0.055854820 0.998087049 15.581304550 0.024729511 0.998168886 -0.055202708 -0.766364992 -0.999342740 0.023219096 -0.027836964 55.842468262
-0.026599523 0.058190428 0.997951090 16.285905838 0.028635604 0.997938931 -0.057426468 -0.803571582 -0.999235928 0.027049415 -0.028211018 55.833034515
-0.026130838 0.065438345 0.997514427 16.968051910 0.029820498 0.997462034 -0.064653739 -0.837849915 -0.999213696 0.028056921 -0.028015926 55.832462311
-0.024416536 0.073467731 0.996998668 17.701063156 0.030396294 0.996889353 -0.072715282 -0.875017643 -0.999239624 0.028529605 -0.026573732 55.828880310
-0.022253539 0.074239582 0.996992052 18.422893524 0.030969305 0.996811569 -0.073534891 -0.915257335 -0.999272525 0.029239746 -0.024481738 55.818416595
-0.020272048 0.070288897 0.997320592 19.176368713 0.030315347 0.997110128 -0.069657870 -0.954052448 -0.999334812 0.028822012 -0.022344301 55.804859161
-0.018098980 0.063250713 0.997833490 19.913707733 0.029951554 0.997583330 -0.062691592 -1.007875562 -0.999387443 0.028752012 -0.019949701 55.806488037
-0.015392219 0.062143594 0.997948468 20.662464142 0.027403016 0.997718036 -0.061706584 -1.046978951 -0.999505937 0.026396994 -0.017060015 55.801940918
-0.012174943 0.067285463 0.997659504 21.391923904 0.035489406 0.997133851 -0.066816919 -1.092111468 -0.999295890 0.034592852 -0.014527969 55.791557312
-0.009274102 0.073116943 0.997280240 22.130065918 0.036913723 0.996668339 -0.072728835 -1.135765314 -0.999275446 0.036138829 -0.011942223 55.786392212
-0.006919811 0.073872291 0.997243643 22.854310989 0.030986626 0.996804476 -0.073624752 -1.176456809 -0.999495864 0.030391745 -0.009186751 55.781951904
-0.003373521 0.069998488 0.997541368 23.600452423 0.026147669 0.997212172 -0.069886960 -1.226461172 -0.999652386 0.025847614 -0.005194414 55.784366608
0.002003109 0.066208839 0.997803748 24.330146790 0.030098761 0.997349799 -0.066239133 -1.278782129 -0.999544859 0.030165344 0.000004997 55.766887665
0.005765535 0.067687929 0.997689903 25.055818558 0.034588564 0.997095942 -0.067847520 -1.321325898 -0.999384999 0.034899838 0.003407562 55.754482269
0.008722734 0.072367556 0.997340024 25.803377151 0.034116536 0.996775687 -0.072625011 -1.363176465 -0.999379694 0.034659274 0.006225677 55.758647919
0.012864371 0.072969973 0.997251093 26.517635345 0.030792125 0.996831775 -0.073336497 -1.412692904 -0.999442935 0.031650912 0.010576713 55.763206482
0.015840381 0.072431825 0.997247517 27.288703918 0.029861292 0.996893644 -0.072880447 -1.463776231 -0.999428451 0.030933555 0.013628266 55.795513153
0.018903963 0.069457255 0.997405827 28.008140564 0.034012310 0.996962011 -0.070070989 -1.512650490 -0.999242604 0.035248693 0.016484132 55.818786621
0.022952609 0.069387801 0.997325718 28.726882935 0.038685851 0.996779799 -0.070240133 -1.573266983 -0.998987794 0.040194582 0.020194367 55.825500488
0.027043074 0.070946857 0.997113466 29.510519028 0.041422270 0.996541977 -0.072029643 -1.612362146 -0.998775661 0.043250609 0.024010783 55.819938660
0.030047884 0.070837446 0.997035146 30.240846634 0.041834027 0.996522427 -0.072061777 -1.661235094 -0.998672545 0.043875296 0.026979975 55.838523865
0.033355072 0.068810865 0.997071981 30.986198425 0.043422878 0.996585190 -0.070229925 -1.722840309 -0.998499751 0.045638256 0.030253202 55.872432709
0.036424752 0.067866430 0.997029305 31.747108459 0.045251530 0.996555924 -0.069487400 -1.768509388 -0.998311222 0.047648165 0.033228248 55.914352417
0.038346741 0.067675985 0.996970177 32.488651276 0.044359274 0.996605098 -0.069357432 -1.828967094 -0.998279393 0.046884507 0.035214502 55.964469910
0.042609159 0.069388635 0.996679425 33.248001099 0.041174941 0.996615767 -0.071144491 -1.873607874 -0.998242974 0.044069618 0.039607890 55.984645844
0.046270587 0.069422841 0.996513724 34.009410858 0.043227531 0.996508479 -0.071429640 -1.923480749 -0.997993171 0.046381928 0.043108057 56.008529663
0.047487207 0.069116853 0.996477723 34.729888916 0.040446136 0.996651947 -0.071056418 -1.967819929 -0.998052716 0.043677948 0.044532705 56.077884674
0.048697479 0.069468156 0.996394873 35.449348450 0.039369915 0.996669650 -0.071411453 -2.027599573 -0.998037338 0.042705532 0.045800351 56.132038116
0.052439287 0.069486715 0.996203601 36.204456329 0.036668640 0.996769488 -0.071456388 -2.075445652 -0.997950613 0.040276557 0.049721893 56.157756805
0.055804506 0.071123675 0.995905280 36.984752655 0.035765916 0.996676981 -0.073182881 -2.127643824 -0.997800946 0.039703388 0.053075265 56.211154938
0.058573049 0.074920610 0.995467782 37.772006989 0.034299966 0.996439874 -0.077011988 -2.180275917 -0.997693717 0.038655337 0.055794746 56.267646790
0.062090516 0.077352040 0.995068610 38.536476135 0.034350093 0.996236026 -0.079586178 -2.231874228 -0.997479200 0.039122250 0.059199754 56.311203003
0.064324968 0.079635479 0.994746447 39.285297394 0.027572477 0.996288478 -0.081541896 -2.284086227 -0.997548044 0.032672808 0.061890468 56.382175446
0.067248084 0.078520030 0.994641721 40.058784485 0.024102427 0.996479690 -0.080294676 -2.344559193 -0.997445047 0.029372942 0.065118827 56.427482605
0.070664845 0.079054251 0.994362533 40.826389313 0.026519697 0.996353328 -0.081097163 -2.402564526 -0.997147441 0.032100912 0.068310663 56.494312286
0.075427257 0.079737775 0.993958056 41.596961975 0.026345771 0.996290267 -0.081924148 -2.468428135 -0.996803224 0.032365896 0.073046684 56.545463562
0.078557201 0.080922522 0.993619800 42.378791809 0.022378096 0.996305645 -0.082910523 -2.523037434 -0.996658444 0.028748533 0.076456077 56.633628845
0.082558177 0.078910612 0.993457139 43.178745270 0.020845268 0.996505439 -0.080885023 -2.578880310 -0.996368229 0.027386598 0.080624737 56.703289032
0.087431066 0.078957833 0.993036389 43.971115112 0.021065181 0.996484458 -0.081086650 -2.640170574 -0.995947778 0.028007986 0.085460417 56.775463104
0.092117622 0.082329512 0.992338777 44.754390717 0.018280162 0.996268272 -0.084352456 -2.698838949 -0.995580316 0.025910459 0.090268880 56.871730804
0.098713934 0.091001168 0.990946174 45.559501648 0.016729670 0.995517433 -0.093087487 -2.759069681 -0.994975269 0.025767233 0.096749023 56.946266174
0.107160151 0.095839828 0.989611804 46.347763062 0.014464353 0.995087504 -0.097936414 -2.826079607 -0.994136572 0.024808973 0.105247460 57.010341644
0.112871088 0.099115089 0.988653898 47.148567200 0.011326239 0.994819283 -0.101026274 -2.889826775 -0.993544996 0.022600677 0.111163758 57.133213043
0.120452330 0.097547762 0.987914801 47.964199066 0.007645506 0.995039821 -0.099183470 -2.961164474 -0.992689550 0.019499989 0.119109064 57.233119965
0.128457800 0.095838472 0.987073243 48.732910156 0.006684517 0.995213151 -0.097498722 -3.036269665 -0.991692543 0.019122582 0.127202258 57.301162720
0.136230186 0.092566416 0.986343145 49.515396118 0.006308884 0.995523870 -0.094299369 -3.100263834 -0.990657151 0.019069145 0.135036439 57.403118134
0.141767651 0.087589860 0.986017227 50.340877533 0.004181566 0.996015728 -0.089079261 -3.165274858 -0.989891112 0.016751656 0.140836552 57.568912506
0.150429472 0.079645522 0.985407412 51.116607666 0.002736496 0.996712148 -0.080976985 -3.228741169 -0.988616943 0.014877888 0.149716929 57.646137238
0.156802520 0.077162161 0.984611094 51.908946991 0.002345733 0.996911347 -0.078499690 -3.294075727 -0.987627149 0.014618584 0.156137183 57.790374756
0.164450020 0.079141848 0.983205378 52.710464478 0.002020755 0.996746898 -0.080569841 -3.354990005 -0.986383379 0.015236531 0.163755119 57.910610199
0.170775414 0.085941218 0.981554806 53.480606079 0.001568470 0.996163905 -0.087493226 -3.420809746 -0.985308707 0.016481236 0.169985533 58.039665222
0.175810724 0.089313924 0.980364025 54.261619568 0.000544627 0.995866895 -0.090823948 -3.484271765 -0.984423757 0.016501758 0.175035447 58.184490204
0.181467876 0.091895431 0.979093790 55.021171570 -0.000818222 0.995638013 -0.093296595 -3.557189226 -0.983396530 0.016129218 0.180751532 58.314682007
0.187028423 0.091637887 0.978070974 55.766521454 -0.004406351 0.995707750 -0.092447743 -3.627971888 -0.982344627 0.012980635 0.186629444 58.448894501
0.191727325 0.089094020 0.977396011 56.519474030 -0.000959410 0.995887756 -0.090591438 -3.691606522 -0.981447756 0.016431130 0.191024333 58.596740723
0.195843235 0.082967401 0.977119088 57.265697479 -0.000239311 0.996418595 -0.084558152 -3.747032166 -0.980635226 0.016326306 0.195161656 58.738586426
0.200281918 0.076360986 0.976758003 58.031639099 -0.002992618 0.997001052 -0.077329934 -3.818185806 -0.979733765 0.012564722 0.199909776 58.864219666
0.204194382 0.073222533 0.976188123 58.768573761 -0.006972814 0.997282088 -0.073346242 -3.876576424 -0.978905499 0.008170113 0.204149961 59.015670776
0.208469734 0.073045924 0.975297332 59.483909607 -0.009215124 0.997309446 -0.072724827 -3.933367729 -0.977985442 0.006173439 0.208581969 59.160671234
0.209664449 0.075430706 0.974859476 60.179283142 -0.010418982 0.997135580 -0.074913532 -3.983932972 -0.977717876 0.005549662 0.209849834 59.315582275
0.209885672 0.079898469 0.974455893 60.869384766 -0.014417533 0.996799946 -0.078625180 -4.036917686 -0.977619648 0.002453049 0.210365981 59.487548828
0.211757198 0.083958350 0.973709285 61.548675537 -0.014588988 0.996463776 -0.082747608 -4.091112137 -0.977213383 0.003316973 0.212233245 59.643951416
0.214023143 0.088147379 0.972843349 62.223266602 -0.013821276 0.996093690 -0.087213419 -4.157664299 -0.976730764 0.005219752 0.214405447 59.810970306
0.215871960 0.090415098 0.972226560 62.902664185 -0.012913473 0.995880783 -0.089747623 -4.208766937 -0.976336300 0.006819172 0.216150329 59.965061188
0.216456980 0.089962937 0.972138345 63.557849884 -0.015454104 0.995936275 -0.088724211 -4.273552895 -0.976169884 0.004181447 0.216967657 60.135040283
0.217162773 0.087146617 0.972237527 64.202972412 -0.014519922 0.996185005 -0.086049929 -4.322980881 -0.976027429 0.004570029 0.217599660 60.271278381
0.216688335 0.084740683 0.972555995 64.841453552 -0.014729362 0.996395886 -0.083536141 -4.379658699 -0.976129651 0.003776182 0.217155576 60.427696228
0.215576604 0.083748683 0.972888947 65.492797852 -0.013890428 0.996477604 -0.082701348 -4.431488037 -0.976388156 0.004314634 0.215980589 60.589286804
0.214925095 0.082468465 0.973142326 66.091339111 -0.014151791 0.996586800 -0.081329733 -4.491312504 -0.976527929 0.003708091 0.215358585 60.704296112
0.213853583 0.083122514 0.973322809 66.719055176 -0.015270254 0.996535957 -0.081749819 -4.544497490 -0.976746321 0.002619609 0.214382067 60.825775146
0.211723104 0.086199827 0.973520815 67.303581238 -0.016046083 0.996275127 -0.084724881 -4.598923206 -0.977197945 0.002317015 0.212317660 60.952873230
0.209187925 0.090087861 0.973716855 67.914703369 -0.014486549 0.995923579 -0.089030214 -4.650912285 -0.977768123 0.004518245 0.209640250 61.077255249
0.208334237 0.090330876 0.973877370 68.492477417 -0.012297356 0.995889127 -0.089741871 -4.707781792 -0.977980494 0.006720188 0.208588630 61.179695129
0.205453217 0.089220785 0.974591434 69.057632446 -0.013213457 0.995997846 -0.088394947 -4.756949902 -0.978577793 0.005283306 0.205809891 61.303573608
0.202852368 0.086264402 0.975402176 69.647918701 -0.013358687 0.996263087 -0.085331157 -4.808502197 -0.979118228 0.004279535 0.203246713 61.410984039
0.200212821 0.082363084 0.976284385 70.216110229 -0.012659905 0.996594548 -0.081480280 -4.857105255 -0.979670703 0.003953729 0.200573727 61.540847778
0.199624583 0.081381574 0.976487100 70.807815552 -0.009346571 0.996657908 -0.081151903 -4.909734249 -0.979827821 0.007073109 0.199718013 61.620727539
0.197378635 0.082717851 0.976831317 71.356933594 -0.005432195 0.996510923 -0.083286665 -4.956080914 -0.980312228 0.011132671 0.197139248 61.732482910
0.196087956 0.084902935 0.976903796 71.886466980 -0.002267048 0.996281028 -0.086131983 -4.992573738 -0.980583608 0.014674756 0.195551217 61.797805786
0.194781631 0.086925596 0.976987243 72.426406860 -0.002943420 0.996112525 -0.088040397 -5.037074089 -0.980842173 0.014272969 0.194280297 61.892581940
0.192811757 0.089409545 0.977153838 72.996269226 -0.003678725 0.995898843 -0.090398826 -5.086650848 -0.981228828 0.013835273 0.192349881 62.032928467
0.190639004 0.087903298 0.977716625 73.515396118 -0.001594967 0.996009171 -0.089236915 -5.129388809 -0.981658936 0.015452616 0.190018401 62.156875610
0.191057980 0.086732753 0.977739394 74.065414429 0.004257560 0.996005952 -0.089185089 -5.171651363 -0.981569529 0.021202309 0.189925596 62.260913849
0.193324640 0.084885515 0.977455974 74.611679077 0.009450042 0.996043026 -0.088368744 -5.213521957 -0.981089413 0.026320858 0.191757485 62.368480682
0.194726646 0.084873736 0.977178514 75.177391052 0.011253444 0.995990276 -0.088750184 -5.245057106 -0.980792999 0.028278647 0.192990780 62.478256226
0.198584884 0.084478281 0.976436079 75.732810974 0.008559547 0.996090770 -0.087919578 -5.294655800 -0.980046391 0.025817348 0.197085485 62.579948425
0.204257041 0.085807480 0.975149274 76.294181824 0.005900756 0.996024847 -0.088880390 -5.336765766 -0.978899539 0.023908561 0.202938765 62.698020935
0.210333720 0.084170386 0.973999500 76.862815857 0.007707773 0.996113062 -0.087745853 -5.384508610 -0.977599263 0.025963280 0.208867371 62.819389343
0.218177512 0.084510647 0.972243011 77.404220581 0.005793589 0.996113777 -0.087885678 -5.423076630 -0.975891888 0.024807457 0.216839969 62.947181702
0.226024419 0.082666047 0.970607758 78.001220703 0.006131354 0.996252239 -0.086277984 -5.471548080 -0.974102378 0.025452070 0.224670470 63.098937988
0.235503852 0.082003757 0.968407631 78.584770203 0.002493489 0.996379614 -0.084978782 -5.521818161 -0.971870244 0.022427540 0.234446734 63.220191956
0.245454594 0.081743412 0.965955496 79.170028687 0.001214859 0.996411681 -0.084629461 -5.564519882 -0.969407320 0.021946188 0.244474545 63.373710632
0.255730897 0.085523136 0.962957740 79.763053894 -0.003459240 0.996153891 -0.087552719 -5.609945774 -0.966741741 0.019058831 0.255043149 63.531776428
0.264119714 0.088131197 0.960454941 80.324348450 -0.007502716 0.995974064 -0.089327239 -5.652800083 -0.964460731 0.016387064 0.263717592 63.687568665
0.274615735 0.090838611 0.957253575 80.915061951 -0.011746620 0.995770097 -0.091123804 -5.701169968 -0.961482286 0.013779535 0.274521261 63.870635986
0.284863681 0.092574656 0.954087317 81.532081604 -0.012763746 0.995603681 -0.092792079 -5.750102043 -0.958483040 0.014255364 0.284792960 64.065284729
0.294520378 0.093655869 0.951044858 82.166992188 -0.016499760 0.995536149 -0.092927590 -5.800604343 -0.955502748 0.011677052 0.294750988 64.277030945
0.303845704 0.094171792 0.948055565 82.782920837 -0.017829685 0.995490670 -0.093169272 -5.852164268 -0.952554345 0.011405552 0.304154575 64.499252319
0.313949406 0.095285483 0.944646239 83.404556274 -0.021856237 0.995412827 -0.093142420 -5.901599884 -0.949188113 0.008595597 0.314591795 64.725120544
0.324200451 0.089839727 0.941712797 84.052001953 -0.021564761 0.995923340 -0.087587409 -5.958333015 -0.945742548 0.008088073 0.324816197 64.960929871
0.334868044 0.083380975 0.938568592 84.709602356 -0.018104328 0.996462524 -0.082064830 -6.003811359 -0.942091048 0.010488732 0.335193068 65.200492859
0.345019311 0.079119854 0.935254931 85.366783142 -0.016652789 0.996799886 -0.078183115 -6.055717468 -0.938447833 0.011400077 0.345232725 65.463768005
0.355281472 0.075871661 0.931675196 86.056861877 -0.017420059 0.997064769 -0.074553840 -6.105038643 -0.934596956 0.010257758 0.355560362 65.730339050
0.365254223 0.072896257 0.928049266 86.739898682 -0.010450837 0.997187614 -0.074213758 -6.154718399 -0.930849135 0.017407997 0.364988863 65.997215271
0.373743892 0.067837432 0.925047815 87.441909790 -0.004465704 0.997441888 -0.071342088 -6.190864086 -0.927521169 0.022532685 0.373090744 66.281898499
0.380418628 0.058452103 0.922965288 88.135360718 0.005004097 0.997855902 -0.065257512 -6.233927250 -0.924800873 0.029443784 0.379310459 66.568237305
0.388316363 0.053648591 0.919963181 88.854515076 0.011076634 0.997960091 -0.062872507 -6.277608871 -0.921459556 0.034604520 0.386929989 66.844024658
0.395430863 0.053657126 0.916927099 89.553817749 0.012560195 0.997882962 -0.063811198 -6.329977512 -0.918409884 0.036749702 0.393919766 67.137168884
0.403236985 0.059670296 0.913148105 90.263610840 0.014816528 0.997315288 -0.071713097 -6.379450798 -0.914975643 0.042447057 0.401270300 67.429115295
0.410523891 0.064474940 0.909567535 90.971794128 0.018097775 0.996724486 -0.078821324 -6.415958881 -0.911670208 0.048819188 0.408012420 67.739616394
0.415874392 0.066224784 0.907007575 91.676589966 0.016711874 0.996620119 -0.080430411 -6.470492840 -0.909268558 0.048606746 0.413362056 68.063591003
0.420177639 0.067227729 0.904948175 92.382156372 0.009961915 0.996850133 -0.078680463 -6.535871029 -0.907387137 0.042074785 0.418184459 68.414535522
0.423499376 0.070994928 0.903110147 93.045150757 0.003271969 0.996798038 -0.079894215 -6.594981670 -0.905890405 0.036790099 0.421911061 68.755317688
0.426641732 0.074099608 0.901380062 93.697036743 0.002356000 0.996543586 -0.083037831 -6.650743484 -0.904417574 0.037551064 0.424992532 69.090270996
0.431771547 0.078086525 0.898596585 94.401977539 -0.000887654 0.996281922 -0.086148702 -6.716800690 -0.901982546 0.036398921 0.430235535 69.417335510
0.435390681 0.080917373 0.896597743 95.085494995 -0.003631527 0.996101975 -0.088134103 -6.775588036 -0.900234282 0.035116747 0.433987379 69.763839722
0.439360529 0.080018036 0.894739866 95.688156128 -0.005134714 0.996232271 -0.086573280 -6.822139740 -0.898296118 0.033442661 0.438115954 70.027145386
0.443653375 0.076505050 0.892926991 96.344940186 -0.004196933 0.996516228 -0.083295204 -6.896342278 -0.896188617 0.033206642 0.442428827 70.344009399
0.446781695 0.074656717 0.891522527 96.978759766 -0.005030141 0.996705949 -0.080944024 -6.942670822 -0.894628823 0.031679820 0.445685506 70.665237427
0.450920224 0.072804086 0.889590144 97.609275818 -0.005670760 0.996881545 -0.078710400 -7.012344360 -0.892546237 0.030447457 0.449926853 70.968688965
0.454503596 0.074597962 0.887615800 98.237335205 -0.007304273 0.996765614 -0.080031112 -7.060756683 -0.890714884 0.029891044 0.453578591 71.277816772
0.457849920 0.075084619 0.885853231 98.848930359 -0.006680852 0.996689618 -0.081026100 -7.114251137 -0.889004409 0.031179542 0.456835896 71.582191467
0.458804995 0.073647730 0.885479450 99.425399780 -0.005206298 0.996764719 -0.080206007 -7.168007851 -0.888521731 0.032188851 0.457704097 71.891181946
0.460930735 0.072430223 0.884475291 100.039733887 -0.003418706 0.996801257 -0.079847045 -7.221713066 -0.887429476 0.033780202 0.459703982 72.209594727
0.462964118 0.071903206 0.883455813 100.616508484 -0.004691904 0.996889114 -0.078676656 -7.281661510 -0.886364579 0.032279376 0.461861283 72.508132935
0.465705574 0.071295150 0.882063091 101.185356140 -0.003118922 0.996875405 -0.078928463 -7.326253414 -0.884934247 0.034006339 0.464472830 72.791419983
0.468261272 0.072634667 0.880599618 101.733963013 -0.003377424 0.996755421 -0.080419622 -7.380974770 -0.883583665 0.034683235 0.466987252 73.085662842
0.470094502 0.073128246 0.879581332 102.287704468 -0.000439668 0.996580958 -0.082620598 -7.428783417 -0.882615983 0.038452759 0.468519360 73.401184082
0.473211855 0.072681598 0.877945244 102.837867737 0.001362291 0.996529162 -0.083232962 -7.475522041 -0.880947590 0.040582839 0.471470356 73.697799683
0.477700025 0.070239790 0.875710547 103.377769470 0.004581253 0.996585906 -0.082434155 -7.529153824 -0.878510952 0.043390647 0.475747377 73.947013855
0.480492532 0.069732890 0.874221981 103.887329102 0.005228344 0.996588469 -0.082367122 -7.575016022 -0.876983225 0.044147529 0.478488684 74.227020264
0.483361870 0.069415055 0.872664273 104.397483826 0.006319839 0.996548712 -0.082769819 -7.621531487 -0.875397801 0.045522872 0.481254965 74.515518188
0.486326963 0.068277143 0.871105254 104.901481628 0.006926360 0.996609807 -0.081981100 -7.671567917 -0.873749495 0.045903198 0.484205246 74.815093994
0.490261137 0.068067200 0.868913531 105.403701782 0.007898605 0.996557891 -0.082522906 -7.719925404 -0.871539831 0.047320984 0.488035917 75.083663940
0.494476229 0.069315605 0.866422832 105.907394409 0.007590484 0.996432781 -0.084048629 -7.764526367 -0.869158089 0.048136618 0.492186189 75.366180420
0.498987615 0.069566637 0.863812327 106.401939392 0.009181646 0.996292353 -0.085539684 -7.810506821 -0.866560519 0.050614454 0.496498793 75.630882263
0.503533959 0.072817557 0.860901415 106.886611938 0.006945229 0.996068597 -0.088312618 -7.859124660 -0.863947392 0.050447565 0.501048744 75.924896240
0.509153306 0.078640394 0.857075572 107.373710632 0.003495522 0.995619774 -0.093428977 -7.908144951 -0.860668600 0.050565604 0.506648302 76.219482422
0.515039623 0.085978553 0.852843404 107.834373474 -0.001754555 0.995060384 -0.099256419 -7.950612545 -0.857164621 0.049624626 0.512646437 76.510238647
0.521544456 0.091943376 0.848255754 108.317443848 -0.007308992 0.994621933 -0.103314288 -8.009934425 -0.853192806 0.047683101 0.519411564 76.809646606
0.527706981 0.096306957 0.843949258 108.789115906 -0.011004310 0.994243562 -0.106576934 -8.058313370 -0.849355280 0.046954311 0.525729060 77.113189697
0.532451153 0.096650362 0.840924740 109.281944275 -0.014547141 0.994358003 -0.105074123 -8.110645294 -0.846335769 0.043713789 0.530853093 77.469558716
0.537900388 0.096230432 0.837498009 109.776664734 -0.021426627 0.994702995 -0.100531973 -8.162553787 -0.842736065 0.036131430 0.537113070 77.808448792
0.543113112 0.093792371 0.834404767 110.272338867 -0.027597433 0.995198667 -0.093903497 -8.214946747 -0.839205861 0.027972793 0.543093920 78.157234192
0.548809528 0.092086643 0.830859780 110.773284912 -0.034064360 0.995552063 -0.087839328 -8.276770592 -0.835253119 0.019904366 0.549505413 78.517166138
0.555589139 0.090293400 0.826539695 111.285369873 -0.036735479 0.995780885 -0.084088661 -8.324507713 -0.830645084 0.016355406 0.556562006 78.860122681
0.561490655 0.093655430 0.822165847 111.788948059 -0.041693829 0.995514333 -0.084927663 -8.373570442 -0.826431990 0.013406840 0.562876821 79.228271484
0.567043781 0.097474366 0.817899823 112.292732239 -0.045204315 0.995159447 -0.087259717 -8.419404984 -0.822446346 0.012507484 0.568705201 79.613029480
0.572789252 0.101172663 0.813435078 112.805252075 -0.047478251 0.994782686 -0.090295799 -8.455293655 -0.818326533 0.013099992 0.574604273 79.995536804
0.580317140 0.103174634 0.807828605 113.332565308 -0.050715826 0.994595587 -0.090595685 -8.513785362 -0.812809885 0.011604530 0.582413435 80.343048096
