1.000000000 0.000000000 0.000000000 0.000000000 0.000000000 1.000000000 0.000000000 0.000000000 0.000000000 0.000000000 1.000000000 0.000000000
0.999999106 -0.000867591 0.001008827 -0.058897518 0.000864957 0.999996245 0.002609074 -0.057761930 -0.001011086 -0.002608199 0.999996066 1.259384990
0.999998450 -0.001620215 0.000593270 -0.062100779 0.001618653 0.999995172 0.002623542 -0.067843467 -0.000597518 -0.002622578 0.999996305 2.568957567
0.999995291 -0.003041016 0.000270699 -0.062870450 0.003040715 0.999994755 0.001105122 -0.070758626 -0.000274058 -0.001104294 0.999999285 3.898356676
0.999995232 -0.003044147 0.000485892 -0.070923790 0.003043675 0.999994874 0.000970312 -0.079958409 -0.000488843 -0.000968828 0.999999404 5.224063873
0.999994278 -0.003385524 0.000160223 -0.074719548 0.003385273 0.999993086 0.001541651 -0.093913712 -0.000165441 -0.001541100 0.999998748 6.552547932
0.999989629 -0.004534978 0.000517142 -0.086824201 0.004533411 0.999985337 0.002992480 -0.110657737 -0.000530705 -0.002990104 0.999995410 7.864381313
0.999988019 -0.004472539 0.001986108 -0.150017411 0.004465443 0.999983788 0.003562649 -0.134959534 -0.002002009 -0.003553738 0.999991596 9.151122093
0.999990523 -0.003702764 0.002331230 -0.176116198 0.003697711 0.999990821 0.002168244 -0.159535721 -0.002339236 -0.002159604 0.999994934 10.429404259
0.999996662 -0.000923833 0.002408493 -0.190671727 0.000923460 0.999999523 0.000155998 -0.183498204 -0.002408636 -0.000153773 0.999997079 11.714871407
0.999991536 0.003000038 0.002852923 -0.211986661 -0.002997713 0.999995172 -0.000819163 -0.202172533 -0.002855367 0.000810604 0.999995589 13.015630722
0.999984622 0.004847962 0.002674539 -0.219464123 -0.004846022 0.999988019 -0.000731446 -0.225093946 -0.002678053 0.000718474 0.999996185 14.345026970
0.999978542 0.005524104 0.003522654 -0.257513255 -0.005525841 0.999984622 0.000483291 -0.246914268 -0.003519930 -0.000502747 0.999993622 15.679106712
0.999987900 0.003034927 0.003866475 -0.271722078 -0.003048816 0.999988914 0.003591264 -0.266127020 -0.003855533 -0.003603008 0.999986053 17.039699554
0.999980927 -0.001317182 0.006020039 -0.309409797 0.001281235 0.999981284 0.005971256 -0.292330801 -0.006027793 -0.005963430 0.999964058 18.414297104
0.999984443 -0.003240230 0.004519151 -0.276343644 0.003225285 0.999989271 0.003310275 -0.300618976 -0.004529828 -0.003295648 0.999984384 19.816576004
0.999974668 -0.004494070 0.005524789 -0.292624831 0.004484417 0.999988317 0.001758402 -0.326039970 -0.005532627 -0.001733581 0.999983191 21.184938431
0.999975562 -0.001903530 0.006740263 -0.305277079 0.001899406 0.999997973 0.000618175 -0.350880891 -0.006741425 -0.000605358 0.999977112 22.563852310
0.999951184 0.000566312 0.009858506 -0.388194144 -0.000589898 0.999996901 0.002389678 -0.362533987 -0.009857120 -0.002395377 0.999948561 23.941856384
0.999932945 0.001000988 0.011536836 -0.395821840 -0.001073752 0.999979556 0.006302633 -0.382131904 -0.011530293 -0.006314599 0.999913514 25.297679901
0.999930739 -0.001587237 0.011654352 -0.343383044 0.001490809 0.999964654 0.008278017 -0.392095745 -0.011667078 -0.008260070 0.999897838 26.702222824
0.999922812 -0.006080285 0.010830941 -0.314595908 0.006010216 0.999960899 0.006490260 -0.405533135 -0.010869982 -0.006424664 0.999920249 28.078699112
0.999931753 -0.005806632 0.010139162 -0.248277426 0.005765905 0.999975145 0.004041481 -0.415429771 -0.010162380 -0.003982744 0.999940455 29.442209244
0.999922454 -0.005666127 0.011090427 -0.237961680 0.005649246 0.999982834 0.001552948 -0.428501517 -0.011099037 -0.001490175 0.999937296 30.784364700
0.999918759 -0.001522906 0.012657604 -0.252022713 0.001511776 0.999998450 0.000888816 -0.448705316 -0.012658939 -0.000869608 0.999919474 32.114261627
0.999917507 -0.000783136 0.012821779 -0.227623463 0.000800783 0.999998689 -0.001371224 -0.461841583 -0.012820687 0.001381379 0.999916792 33.462768555
0.999910831 0.000467181 0.013347329 -0.217951387 -0.000463377 0.999999881 -0.000288074 -0.491188675 -0.013347461 0.000281863 0.999910891 34.789993286
0.999914885 0.000094712 0.013043730 -0.203977138 -0.000113634 0.999998868 0.001449956 -0.518530846 -0.013043578 -0.001451315 0.999913871 36.137069702
0.999917388 0.001680325 0.012741047 -0.177986234 -0.001714115 0.999995053 0.002641678 -0.532410860 -0.012736545 -0.002663300 0.999915302 37.499389648
0.999911189 0.004175749 0.012655447 -0.135326058 -0.004219700 0.999985158 0.003448175 -0.555405796 -0.012640859 -0.003501272 0.999913990 38.881347656
0.999901056 0.006606718 0.012412885 -0.090751022 -0.006643024 0.999973774 0.002885863 -0.566701710 -0.012393495 -0.002968038 0.999918818 40.286415100
0.999877632 0.008824886 0.012917512 -0.086111784 -0.008869622 0.999954879 0.003409996 -0.584583163 -0.012886835 -0.003524152 0.999910712 41.666908264
0.999874294 0.009129464 0.012963209 -0.065265834 -0.009177055 0.999951363 0.003616540 -0.602575004 -0.012929563 -0.003735049 0.999909461 43.065208435
0.999891937 0.008122240 0.012260895 -0.034327984 -0.008161990 0.999961615 0.003195326 -0.614743352 -0.012234472 -0.003295053 0.999919653 44.461521149
0.999905705 0.008082893 0.011095772 -0.013400972 -0.008114506 0.999963284 0.002807060 -0.631177068 -0.011072672 -0.002896832 0.999934494 45.842754364
0.999921322 0.007553199 0.010013957 0.012997776 -0.007582308 0.999967217 0.002871848 -0.647221446 -0.009991932 -0.002947551 0.999945760 47.211753845
0.999918044 0.008331631 0.009721159 0.017430514 -0.008377367 0.999953985 0.004673752 -0.684524894 -0.009681770 -0.004754808 0.999941826 48.546787262
0.999929845 0.008166201 0.008570737 0.029205739 -0.008204680 0.999956369 0.004463974 -0.702589750 -0.008533909 -0.004533981 0.999953330 49.938842773
0.999918997 0.010528780 0.007141145 0.047665685 -0.010554627 0.999937832 0.003591857 -0.700569034 -0.007102884 -0.003666939 0.999968052 51.392574310
0.999934971 0.010115751 0.005249698 0.066823453 -0.010142433 0.999935567 0.005080762 -0.722530365 -0.005197965 -0.005133676 0.999973238 52.788047791
0.999957204 0.008066114 0.004529184 0.067965493 -0.008095674 0.999945819 0.006546148 -0.749977946 -0.004476137 -0.006582535 0.999968231 54.177783966
0.999968112 0.006135285 0.005110828 0.046409756 -0.006171526 0.999955714 0.007105575 -0.769846141 -0.005067008 -0.007136890 0.999961615 55.632911682
0.999968469 0.005965185 0.005241783 -0.003704876 -0.005996886 0.999963701 0.006052777 -0.778637588 -0.005205488 -0.006084020 0.999967933 57.075325012
0.999970853 0.005338428 0.005459539 0.019641787 -0.005369556 0.999969244 0.005703019 -0.782823205 -0.005428927 -0.005732167 0.999968827 58.526210785
0.999968767 0.004390797 0.006558347 0.013028920 -0.004433719 0.999968767 0.006544385 -0.797319710 -0.006529407 -0.006573259 0.999957085 59.892555237
0.999972582 0.001635737 0.007223758 0.006790131 -0.001689143 0.999971271 0.007393107 -0.823236465 -0.007211457 -0.007405106 0.999946594 61.233428955
0.999967277 0.001161976 0.008024067 0.040225387 -0.001217251 0.999975681 0.006887189 -0.828469038 -0.008015871 -0.006896730 0.999944091 62.660152435
0.999968529 -0.000826346 0.007881334 0.073796272 0.000777302 0.999980330 0.006223727 -0.838574588 -0.007886323 -0.006217405 0.999949574 64.103919983
0.999960303 -0.000252058 0.008907007 0.099978894 0.000199054 0.999982297 0.005951224 -0.858409107 -0.008908350 -0.005949214 0.999942541 65.424789429
0.999947369 0.001627605 0.010130346 0.113582134 -0.001685508 0.999982297 0.005709870 -0.871798217 -0.010120873 -0.005726646 0.999932408 66.854331970
0.999926567 0.005547212 0.010773517 0.111615300 -0.005619035 0.999962032 0.006647742 -0.873909652 -0.010736233 -0.006707791 0.999919891 68.268608093
0.999913454 0.006880838 0.011214228 0.138879240 -0.006977971 0.999938190 0.008645565 -0.900037110 -0.011154045 -0.008723068 0.999899745 69.605278015
0.999857843 0.011057585 0.012727891 0.105546653 -0.011184171 0.999888122 0.009917695 -0.926102936 -0.012616803 -0.010058635 0.999869823 70.971107483
0.999797761 0.014616167 0.013814393 0.097727060 -0.014746442 0.999847233 0.009376156 -0.936368167 -0.013675243 -0.009577972 0.999860644 72.327857971
0.999744773 0.017461590 0.014336283 0.110474288 -0.017591903 0.999804616 0.009014504 -0.947610676 -0.014176075 -0.009264406 0.999856591 73.699935913
0.999687374 0.019366203 0.015813794 0.084821224 -0.019506652 0.999771237 0.008775998 -0.939840078 -0.015640218 -0.009081726 0.999836445 74.993804932
0.999695420 0.018653193 0.016158368 0.076310873 -0.018804904 0.999779940 0.009288634 -0.953600824 -0.015981551 -0.009589663 0.999826312 76.371696472
0.999710679 0.017229442 0.016785255 0.065985918 -0.017381420 0.999808788 0.008950710 -0.962118447 -0.016627826 -0.009239871 0.999819040 77.736923218
0.999708116 0.017167991 0.016999442 0.051518083 -0.017302949 0.999819815 0.007824308 -0.962956429 -0.016862053 -0.008116168 0.999824882 79.061668396
0.999755621 0.015238325 0.016015677 0.075004458 -0.015368708 0.999849498 0.008049693 -0.977540016 -0.015890602 -0.008293866 0.999839365 80.415412903
0.999753118 0.015063570 0.016333729 0.064038277 -0.015203286 0.999848604 0.008463538 -0.987278283 -0.016203765 -0.008709775 0.999830782 81.765411377
0.999761939 0.014880419 0.015952418 0.058499932 -0.015002763 0.999858737 0.007577314 -0.981930673 -0.015837410 -0.007814841 0.999843955 83.114768982
0.999770880 0.014447243 0.015789075 0.071654677 -0.014577869 0.999860227 0.008189569 -1.001393199 -0.015668549 -0.008417862 0.999841809 84.410804749
0.999785125 0.014162214 0.015138443 0.101325274 -0.014309499 0.999850810 0.009665345 -1.021817684 -0.014999303 -0.009879893 0.999838710 85.705108643
0.999807417 0.011780600 0.015695959 0.093756914 -0.011951154 0.999870002 0.010816940 -1.038511992 -0.015566492 -0.011002442 0.999818444 87.015441895
0.999852538 0.010562217 0.013540099 0.121217489 -0.010705686 0.999886870 0.010567579 -1.042706013 -0.013426951 -0.010710979 0.999852419 88.336341858
0.999888897 0.008236995 0.012417276 0.147557974 -0.008368658 0.999908924 0.010588884 -1.052396297 -0.012328924 -0.010691624 0.999866843 89.650535583
0.999876440 0.007660311 0.013728859 0.116432905 -0.007798555 0.999919057 0.010044503 -1.057731867 -0.013650804 -0.010150325 0.999855220 90.974845886
0.999885082 0.006710999 0.013594663 0.142380834 -0.006825192 0.999941647 0.008371032 -1.054413557 -0.013537689 -0.008462856 0.999872565 92.327453613
0.999869823 0.007650787 0.014204929 0.156906486 -0.007772887 0.999933064 0.008560245 -1.075655341 -0.014138487 -0.008669544 0.999862373 93.673484802
0.999875665 0.006729722 0.014261133 0.169833302 -0.006853530 0.999939084 0.008650597 -1.097191215 -0.014202051 -0.008747258 0.999860883 94.979866028
0.999879658 0.005562549 0.014481938 0.195084691 -0.005687904 0.999946594 0.008629181 -1.116932273 -0.014433162 -0.008710515 0.999857903 96.268318176
0.999847770 0.008118344 0.015445460 0.193431616 -0.008264876 0.999921203 0.009446966 -1.149325132 -0.015367552 -0.009573183 0.999836087 97.498184204
0.999844432 0.008788708 0.015287581 0.220467567 -0.008951479 0.999903619 0.010611581 -1.162283540 -0.015192845 -0.010746779 0.999826968 98.785194397
0.999826610 0.010129645 0.015632970 0.225478888 -0.010319412 0.999873459 0.012106456 -1.169406772 -0.015508357 -0.012265676 0.999804497 100.090835571
0.999810040 0.009650165 0.016934391 0.206349492 -0.009830507 0.999895513 0.010598830 -1.178618550 -0.016830346 -0.010763290 0.999800444 101.393272400
0.999822259 0.009199315 0.016464440 0.229366899 -0.009343452 0.999918520 0.008698873 -1.194362640 -0.016383076 -0.008851158 0.999826610 102.671478271
0.999809563 0.009032609 0.017299049 0.226378441 -0.009160528 0.999931157 0.007329738 -1.196307302 -0.017231653 -0.007486811 0.999823511 103.970649719
0.999814391 0.007440475 0.017774576 0.233372688 -0.007594473 0.999934077 0.008612249 -1.210618019 -0.017709326 -0.008745639 0.999804914 105.238151550
0.999812603 0.006239567 0.018321216 0.261602044 -0.006418982 0.999931872 0.009750325 -1.211007476 -0.018259129 -0.009866103 0.999784589 106.529998779
0.999808371 0.003845509 0.019197401 0.302533984 -0.004053560 0.999933422 0.010810327 -1.225131392 -0.019154551 -0.010886074 0.999757230 107.902786255
0.999797165 0.003310605 0.019866608 0.349010110 -0.003501683 0.999947846 0.009590941 -1.237142444 -0.019833824 -0.009658562 0.999756575 109.262687683
0.999798179 0.006180320 0.019117441 0.409239888 -0.006303673 0.999959588 0.006398833 -1.232514620 -0.019077124 -0.006518053 0.999796689 110.606521606
0.999766290 0.008186460 0.020009546 0.473330498 -0.008287677 0.999953270 0.004980701 -1.256081581 -0.019967834 -0.005145370 0.999787509 111.941986084
0.999694824 0.011598290 0.021817379 0.481293321 -0.011709702 0.999918997 0.004985798 -1.267405033 -0.021757787 -0.005239752 0.999749541 113.250068665
0.999647677 0.013070314 0.023101892 0.507458210 -0.013230010 0.999889553 0.006773415 -1.282052040 -0.023010809 -0.007076666 0.999710143 114.532585144
0.999603868 0.013526447 0.024678273 0.530461073 -0.013749455 0.999865890 0.008889414 -1.288291931 -0.024554722 -0.009225206 0.999655843 115.848167419
0.999604404 0.012547109 0.025171535 0.566023111 -0.012790763 0.999872684 0.009542184 -1.304183960 -0.025048602 -0.009860374 0.999637604 117.171279907
0.999577522 0.013211614 0.025889577 0.609537601 -0.013447981 0.999869287 0.008977001 -1.307357073 -0.025767589 -0.009321370 0.999624491 118.511032104
0.999530673 0.014971494 0.026723849 0.671854019 -0.015198372 0.999849975 0.008306867 -1.315986395 -0.026595471 -0.008709127 0.999608338 119.839241028
0.999451399 0.017180875 0.028312864 0.700416803 -0.017413450 0.999816477 0.007988572 -1.328053474 -0.028170420 -0.008477214 0.999567151 121.140747070
0.999431133 0.017691243 0.028711073 0.764103651 -0.017897999 0.999815702 0.006960540 -1.339148045 -0.028582638 -0.007470452 0.999563456 122.479141235
0.999403238 0.019170592 0.028733769 0.805543900 -0.019359948 0.999792576 0.006326364 -1.351862311 -0.028606534 -0.006878873 0.999567091 123.794548035
0.999376476 0.018325884 0.030179033 0.849578381 -0.018522441 0.999808848 0.006246474 -1.369149685 -0.030058799 -0.006801569 0.999525011 125.100425720
0.999358773 0.018222785 0.030819124 0.886225700 -0.018460143 0.999801934 0.007434847 -1.381589532 -0.030677535 -0.007999006 0.999497354 126.393653870
0.999367297 0.016397368 0.031561628 0.928572178 -0.016665235 0.999827087 0.008243009 -1.392626524 -0.031421009 -0.008763774 0.999467790 127.712265015
0.999371827 0.016043834 0.031603038 0.983671427 -0.016328853 0.999828100 0.008781251 -1.405991316 -0.031456728 -0.009291776 0.999461949 129.028213501
0.999394894 0.013680866 0.031978991 1.021845579 -0.013968935 0.999863684 0.008802073 -1.413104892 -0.031854212 -0.009243461 0.999449790 130.364807129
0.999428988 0.012123299 0.031536605 1.069731712 -0.012428603 0.999877572 0.009502986 -1.425472260 -0.031417534 -0.009889518 0.999457538 131.667251587
0.999465585 0.011150783 0.030728659 1.132334709 -0.011437326 0.999892533 0.009164896 -1.437461734 -0.030623164 -0.009511451 0.999485672 132.997909546
0.999518871 0.009614675 0.029488550 1.180223227 -0.009892537 0.999907911 0.009291344 -1.446010590 -0.029396502 -0.009578589 0.999521911 134.306518555
0.999587476 0.008424647 0.027458545 1.236055851 -0.008685321 0.999918222 0.009388003 -1.443866134 -0.027377207 -0.009622616 0.999578953 135.645187378
0.999585986 0.007746331 0.027709419 1.264976740 -0.008034175 0.999914765 0.010291718 -1.465990424 -0.027627338 -0.010510080 0.999563038 136.995819092
0.999667585 0.007221911 0.024750061 1.321911812 -0.007498262 0.999910414 0.011091122 -1.484196663 -0.024667745 -0.011273017 0.999632120 138.308654785
0.999681592 0.006837575 0.024288541 1.358898401 -0.007078598 0.999926388 0.009851242 -1.497117400 -0.024219390 -0.010020033 0.999656439 139.534240723
0.999696195 0.006298904 0.023829043 1.400171876 -0.006526779 0.999933660 0.009497264 -1.508067966 -0.023767635 -0.009649908 0.999670923 140.857711792
0.999722421 0.004552202 0.023116099 1.432743788 -0.004714842 0.999964416 0.006986221 -1.524851799 -0.023083480 -0.007093271 0.999708354 142.166000366
0.999753118 -0.000943068 0.022198727 1.481234670 0.000800106 0.999978840 0.006448128 -1.535497785 -0.022204341 -0.006428775 0.999732733 143.494293213
0.999704301 -0.007515595 0.023122720 1.492311239 0.007300753 0.999929547 0.009361795 -1.563949943 -0.023191448 -0.009190215 0.999688804 144.769363403
0.999656796 -0.014543145 0.021785006 1.529725075 0.014311881 0.999839962 0.010734326 -1.573956251 -0.021937631 -0.010418859 0.999705017 146.063095093
0.999633133 -0.017264146 0.020865604 1.584015846 0.017108520 0.999824643 0.007614214 -1.588462353 -0.020993397 -0.007254441 0.999753296 147.452163696
0.999641359 -0.016521065 0.021072814 1.627178669 0.016439559 0.999856770 0.004035196 -1.590407133 -0.021136461 -0.003687321 0.999769807 148.802597046
0.999642611 -0.013423831 0.023118351 1.640006304 0.013379936 0.999908507 0.002052180 -1.617377520 -0.023143781 -0.001742125 0.999730587 150.103912354
0.999617994 -0.012961744 0.024406746 1.649271488 0.012904742 0.999913633 0.002491513 -1.643396735 -0.024436928 -0.002175599 0.999698997 151.370422363
0.999553800 -0.015812220 0.025342286 1.670583725 0.015685376 0.999863386 0.005196304 -1.646684885 -0.025420986 -0.004796482 0.999665320 152.775299072
0.999449551 -0.020532563 0.026058750 1.706726789 0.020330688 0.999761283 0.007988326 -1.665484190 -0.026216552 -0.007454138 0.999628484 154.101730347
0.999374449 -0.024335520 0.025660265 1.758354425 0.024106855 0.999667346 0.009183144 -1.668445587 -0.025875203 -0.008558811 0.999628544 155.438247681
0.999349058 -0.025706919 0.025313046 1.798630238 0.025496321 0.999637842 0.008607787 -1.670289874 -0.025525164 -0.007956794 0.999642491 156.797546387
0.999392450 -0.023146378 0.026053779 1.830078602 0.022913083 0.999694884 0.009217553 -1.666485190 -0.026259182 -0.008614981 0.999618053 158.164611816
0.999451935 -0.018419715 0.027501358 1.849867582 0.018198580 0.999800205 0.008269484 -1.670068860 -0.027648183 -0.007764468 0.999587595 159.523132324
0.999489069 -0.015198392 0.028117120 1.874763966 0.015029967 0.999867857 0.006191737 -1.686818123 -0.028207505 -0.005765974 0.999585450 160.867218018
0.999530375 -0.012049093 0.028172681 1.923853636 0.011902786 0.999914825 0.005355049 -1.692672372 -0.028234804 -0.005017201 0.999588668 162.215759277
0.999538302 -0.010198097 0.028620269 1.956608057 0.010012614 0.999927998 0.006616667 -1.705401301 -0.028685683 -0.006327049 0.999568403 163.558792114
0.999568284 -0.008833500 0.028019287 1.998568535 0.008661442 0.999942899 0.006256068 -1.715611339 -0.028072949 -0.006010681 0.999587834 164.937622070
0.999591351 -0.006934719 0.027731774 2.031666994 0.006835069 0.999969840 0.003686523 -1.726836562 -0.027756499 -0.003495467 0.999608696 166.328323364
0.999620378 -0.003317198 0.027346993 2.073553801 0.003293724 0.999994099 0.000903343 -1.739764929 -0.027349830 -0.000812926 0.999625564 167.704559326
0.999622107 0.001782946 0.027431747 2.088404655 -0.001776995 0.999998391 -0.000241336 -1.757934451 -0.027432133 0.000192499 0.999623656 169.057846069
0.999599338 0.006537139 0.027544510 2.139176846 -0.006576973 0.999977410 0.001355775 -1.783497930 -0.027535031 -0.001536391 0.999619603 170.438323975
0.999546766 0.009705784 0.028497528 2.158651352 -0.009788172 0.999948263 0.002752963 -1.794010758 -0.028469332 -0.003030654 0.999590099 171.801727295
0.999546289 0.010033229 0.028399825 2.207910299 -0.010186683 0.999934196 0.005263797 -1.816201210 -0.028345142 -0.005550709 0.999582767 173.158599854
0.999609292 0.006999006 0.027061641 2.288093805 -0.007155503 0.999958217 0.005690470 -1.819920301 -0.027020684 -0.005881886 0.999617517 174.555313110
0.999661922 0.003500365 0.025765181 2.318858385 -0.003669078 0.999972045 0.006503752 -1.839146018 -0.025741702 -0.006596087 0.999646842 175.903259277
0.999708533 0.004178775 0.023775259 2.348961353 -0.004225519 0.999989212 0.001916201 -1.848234892 -0.023766993 -0.002016105 0.999715507 177.277038574
0.999746740 0.005848711 0.021729568 2.403215885 -0.005791924 0.999979675 -0.002675343 -1.865267992 -0.021744773 0.002548809 0.999760449 178.673919678
0.999724686 0.010847494 0.020802882 2.462620258 -0.010787004 0.999937356 -0.003017812 -1.886366606 -0.020834312 0.002792581 0.999779046 180.087356567
0.999707162 0.013523038 0.020063655 2.507873058 -0.013479454 0.999906480 -0.002305887 -1.911072016 -0.020092957 0.002034765 0.999796152 181.450927734
0.999666095 0.014722429 0.021234849 2.529081821 -0.014747590 0.999890745 0.001028743 -1.926988959 -0.021217378 -0.001341562 0.999773979 182.820678711
0.999662876 0.015668888 0.020704355 2.587057352 -0.015734339 0.999871612 0.003002106 -1.944365263 -0.020654656 -0.003326863 0.999781132 184.201187134
0.999673724 0.015384160 0.020391738 2.640460253 -0.015465140 0.999873102 0.003819404 -1.957809448 -0.020330392 -0.004133519 0.999784768 185.581115723
0.999682426 0.014132468 0.020863501 2.654030323 -0.014232511 0.999887884 0.004654453 -1.978309393 -0.020795384 -0.004949915 0.999771416 186.981781006
0.999706626 0.011694627 0.021211790 2.687249184 -0.011808686 0.999916434 0.005259902 -1.992388964 -0.021148501 -0.005508842 0.999761164 188.396224976
0.999747396 0.008759696 0.020701410 2.727451324 -0.008871369 0.999946535 0.005308868 -2.002114058 -0.020653799 -0.005491177 0.999771655 189.868988037
0.999759912 0.005464017 0.021219892 2.743604183 -0.005585663 0.999968290 0.005677616 -2.000819683 -0.021188192 -0.005794779 0.999758720 191.432067871
0.999767900 0.001688553 0.021477586 2.774514675 -0.001833944 0.999975622 0.006751554 -2.000259161 -0.021465659 -0.006789376 0.999746561 192.880783081
0.999761641 -0.001329597 0.021789657 2.824795485 0.001181440 0.999976099 0.006810887 -2.022416353 -0.021798190 -0.006783520 0.999739349 194.265914917
0.999747515 0.000901373 0.022448527 2.843833923 -0.000958571 0.999996245 0.002537355 -2.039931774 -0.022446154 -0.002558233 0.999744773 195.671127319
0.999717712 0.007724920 0.022464627 2.876933098 -0.007673653 0.999967754 -0.002367488 -2.058556795 -0.022482188 0.002194434 0.999744833 197.082153320
0.999559820 0.017056439 0.024275508 2.863050938 -0.016998783 0.999852121 -0.002579394 -2.074008465 -0.024315914 0.002165605 0.999701977 198.523971558
0.999379814 0.024395183 0.025392659 2.873826981 -0.024434412 0.999700665 0.001235692 -2.097859621 -0.025354907 -0.001855380 0.999676764 199.938873291
0.999312758 0.025923768 0.026493296 2.884242535 -0.026011325 0.999657273 0.002965624 -2.103394985 -0.026407331 -0.003652712 0.999644578 201.349334717
0.999326408 0.025022015 0.026845045 2.898269653 -0.025119230 0.999678969 0.003290154 -2.117141247 -0.026754105 -0.003962264 0.999634147 202.777008057
0.999427199 0.021304119 0.026293885 2.925331593 -0.021400148 0.999765337 0.003376279 -2.140506029 -0.026215786 -0.003937039 0.999648571 204.192733765
0.999519289 0.018781314 0.024663405 3.002323866 -0.018867930 0.999816597 0.003284028 -2.166407585 -0.024597198 -0.003747797 0.999690533 205.645065308
0.999531984 0.018760579 0.024158282 3.027897358 -0.018830743 0.999819100 0.002680083 -2.184461594 -0.024103632 -0.003133747 0.999704480 207.073287964
0.999527693 0.020200685 0.023164496 3.092604876 -0.020276353 0.999789774 0.003036224 -2.202709675 -0.023098296 -0.003504481 0.999727070 208.498062134
0.999483109 0.022305246 0.023154853 3.110479832 -0.022400677 0.999741554 0.003870198 -2.219029427 -0.023062544 -0.004386881 0.999724388 209.949356079
0.999532342 0.020606482 0.022593029 3.137507915 -0.020694543 0.999779046 0.003670535 -2.248691559 -0.022512399 -0.004136370 0.999737918 211.390853882
0.999559939 0.020044288 0.021866936 3.165734768 -0.020116892 0.999792814 0.003105381 -2.273660183 -0.021800153 -0.003543909 0.999756038 212.848602295
0.999595702 0.019224757 0.020949921 3.205520391 -0.019291168 0.999809504 0.002972482 -2.295572519 -0.020888783 -0.003375427 0.999776244 214.294662476
0.999616444 0.019118242 0.020034326 3.247359276 -0.019187119 0.999810636 0.003251385 -2.318697453 -0.019968370 -0.003634539 0.999794006 215.737747192
0.999615967 0.019179970 0.019999530 3.285793066 -0.019249164 0.999809384 0.003273208 -2.342657328 -0.019932935 -0.003656926 0.999794602 217.179214478
0.999614477 0.019457210 0.019805405 3.313939095 -0.019525629 0.999804020 0.003267087 -2.366102695 -0.019737955 -0.003652540 0.999798656 218.585052490
0.999627352 0.019860040 0.018724009 3.356004000 -0.019930871 0.999794841 0.003603757 -2.402759314 -0.018648600 -0.003975600 0.999818206 220.043685913
0.999627769 0.019839488 0.018726440 3.383614063 -0.019894633 0.999798238 0.002763066 -2.405676603 -0.018667845 -0.003134593 0.999820828 221.557174683
0.999621511 0.020747244 0.018065048 3.430751801 -0.020813152 0.999777317 0.003467946 -2.427824259 -0.017989079 -0.003842623 0.999830782 223.050247192
0.999648333 0.019664660 0.017792769 3.464823246 -0.019723807 0.999800503 0.003154955 -2.436553717 -0.017727178 -0.003504787 0.999836683 224.565139771
0.999666870 0.017557070 0.018916424 3.440076828 -0.017624715 0.999838829 0.003415147 -2.472944736 -0.018853411 -0.003747406 0.999815226 225.981765747
0.999684572 0.016238442 0.019159891 3.463626862 -0.016318504 0.999858737 0.004029571 -2.498595238 -0.019091750 -0.004340959 0.999808431 227.473983765
0.999698937 0.014814569 0.019559734 3.470915318 -0.014918993 0.999875128 0.005203613 -2.525967121 -0.019480206 -0.005493857 0.999795139 228.938079834
0.999706328 0.014632459 0.019316854 3.490651131 -0.014745450 0.999874949 0.005719841 -2.543824434 -0.019230744 -0.006002997 0.999797046 230.418014526
0.999688983 0.015051650 0.019884413 3.494790554 -0.015164499 0.999869823 0.005536812 -2.562952995 -0.019798487 -0.005836627 0.999786973 231.930755615
0.999666870 0.015622681 0.020542681 3.499998569 -0.015725251 0.999864638 0.004840930 -2.571835518 -0.020464271 -0.005162357 0.999777198 233.438446045
0.999653339 0.016125215 0.020809468 3.522777557 -0.016248034 0.999851465 0.005746447 -2.590439320 -0.020713717 -0.006082568 0.999766946 234.924743652
0.999652445 0.016144756 0.020840628 3.571946144 -0.016311556 0.999836206 0.007858421 -2.600286961 -0.020710340 -0.008195634 0.999751925 236.387542725
0.999641240 0.015869074 0.021573212 3.607245922 -0.016052157 0.999836385 0.008339986 -2.612224817 -0.021437336 -0.008683291 0.999732494 237.878250122
0.999614358 0.016367264 0.022433272 3.613142014 -0.016522059 0.999840736 0.006732193 -2.625773191 -0.022319512 -0.007100241 0.999725640 239.383636475
0.999571860 0.016954048 0.023847746 3.624840975 -0.017087178 0.999839485 0.005389825 -2.638397217 -0.023752537 -0.005795007 0.999701202 240.883926392
0.999562681 0.017705686 0.023680788 3.685024261 -0.017849369 0.999823391 0.005870031 -2.650440216 -0.023572676 -0.006290151 0.999702454 242.403549194
0.999579847 0.017773451 0.022893090 3.751246452 -0.017932920 0.999816179 0.006779521 -2.663101673 -0.022768388 -0.007187214 0.999714911 243.920822144
0.999565244 0.018375954 0.023057265 3.782042503 -0.018546965 0.999801993 0.007225024 -2.676649094 -0.022919931 -0.007649526 0.999708056 245.429611206
0.999585748 0.018509291 0.022037547 3.837876320 -0.018674809 0.999798775 0.007329034 -2.692078829 -0.021897459 -0.007737543 0.999730229 246.923751831
0.999570549 0.019551018 0.021829020 3.879643202 -0.019722585 0.999776006 0.007672026 -2.706530809 -0.021674132 -0.008099257 0.999732256 248.455429077
0.999549389 0.020882705 0.021561252 3.916757345 -0.021053581 0.999748468 0.007728555 -2.721433163 -0.021394432 -0.008179014 0.999737680 249.984664917
0.999553621 0.021254653 0.021001458 3.963421822 -0.021428768 0.999737501 0.008100579 -2.733181715 -0.020823777 -0.008546997 0.999746561 251.523696899
0.999597311 0.019865550 0.020265834 4.021612167 -0.020036321 0.999765217 0.008258686 -2.748290777 -0.020097014 -0.008661412 0.999760449 253.037368774
0.999618590 0.018213131 0.020758104 4.062396049 -0.018409284 0.999787450 0.009297907 -2.760199070 -0.020584347 -0.009676503 0.999741256 254.555130005
0.999659002 0.015676506 0.020884996 4.111771107 -0.015884424 0.999825537 0.009826898 -2.765804768 -0.020727301 -0.010155290 0.999733567 256.069366455
0.999664187 0.014816582 0.021256080 4.135968685 -0.015018936 0.999843121 0.009392015 -2.780683517 -0.021113588 -0.009708106 0.999729872 257.560668945
0.999701381 0.013781769 0.020175995 4.206536293 -0.013957999 0.999865472 0.008619999 -2.789114475 -0.020054484 -0.008899040 0.999759257 259.099822998
0.999669313 0.012812803 0.022293644 4.224509239 -0.013026985 0.999870062 0.009488770 -2.792183161 -0.022169169 -0.009776051 0.999706447 260.632324219
0.999668479 0.010462724 0.023525352 4.265206337 -0.010731446 0.999878168 0.011325529 -2.799387932 -0.023403993 -0.011574236 0.999659121 262.161499023
0.999733388 0.008060444 0.021633592 4.353255272 -0.008304835 0.999902368 0.011230890 -2.807783842 -0.021540955 -0.011407562 0.999702811 263.766937256
0.999723852 0.008058380 0.022075377 4.398684978 -0.008275779 0.999917924 0.009774460 -2.808671951 -0.021994801 -0.009954451 0.999708533 265.313171387
0.999709427 0.007890892 0.022774043 4.439560890 -0.008098816 0.999926209 0.009052262 -2.814551115 -0.022700930 -0.009234077 0.999699652 266.837585449
0.999699414 0.008571314 0.022969747 4.490643024 -0.008805155 0.999910235 0.010098744 -2.838584900 -0.022881130 -0.010297961 0.999685168 268.360046387
0.999642074 0.009596942 0.024968956 4.516434669 -0.009839197 0.999905467 0.009597540 -2.847790956 -0.024874490 -0.009839780 0.999642074 269.851257324
0.999605119 0.009992552 0.026262257 4.549958706 -0.010247576 0.999901474 0.009593982 -2.860539436 -0.026163805 -0.009859319 0.999609053 271.351440430
0.999529660 0.011283897 0.028515892 4.589552879 -0.011549884 0.999891162 0.009180162 -2.872752666 -0.028409202 -0.009505200 0.999551117 272.862091064
0.999531329 0.011361419 0.028425287 4.644070625 -0.011611562 0.999895155 0.008650485 -2.887447596 -0.028324025 -0.008976493 0.999558508 274.388275146
0.999514043 0.010630002 0.029301487 4.668160915 -0.010866499 0.999909580 0.007923696 -2.897048235 -0.029214608 -0.008238250 0.999539196 275.953155518
0.999509215 0.010577237 0.029483628 4.773715973 -0.010847486 0.999900401 0.009021137 -2.930118322 -0.029385272 -0.009336530 0.999524534 277.404144287
0.999482751 0.008718803 0.030955559 4.804713249 -0.009027445 0.999910712 0.009844805 -2.935319424 -0.030866962 -0.010119159 0.999472260 278.959533691
0.999500632 0.007848959 0.030609153 4.854068279 -0.008158820 0.999916613 0.010011394 -2.947723627 -0.030528018 -0.010256127 0.999481440 280.467102051
0.999502897 0.007342639 0.030657370 4.892539978 -0.007559972 0.999947071 0.006979197 -2.960637569 -0.030604498 -0.007207497 0.999505579 282.012268066
0.999551177 0.005988516 0.029349934 4.967349529 -0.006146816 0.999967039 0.005306291 -2.979686260 -0.029317187 -0.005484319 0.999555111 283.529815674
0.999572039 0.006628721 0.028492434 5.049240112 -0.006778234 0.999963760 0.005154144 -2.995190144 -0.028457236 -0.005345067 0.999580741 285.081359863
0.999613106 0.004890206 0.027381644 5.105605125 -0.005039618 0.999972701 0.005390287 -3.011600256 -0.027354531 -0.005526194 0.999610662 286.600463867
0.999643326 0.005705547 0.026086191 5.160364151 -0.005824302 0.999972999 0.004478719 -3.022847414 -0.026059933 -0.004629056 0.999649584 288.158935547
0.999678612 0.005551996 0.024736259 5.215999603 -0.005657766 0.999975145 0.004207959 -3.041738987 -0.024712281 -0.004346558 0.999685168 289.750274658
0.999689162 0.005043310 0.024415934 5.265938759 -0.005159740 0.999975622 0.004707935 -3.060410261 -0.024391601 -0.004832451 0.999690711 291.303558350
0.999715507 0.005393883 0.023234205 5.313609600 -0.005513599 0.999971867 0.005091606 -3.082465887 -0.023206089 -0.005218262 0.999716997 292.846893311
0.999747396 0.004709430 0.021976737 5.369510174 -0.004851753 0.999967575 0.006427264 -3.101609707 -0.021945758 -0.006532267 0.999737740 294.392578125
0.999785423 0.005756146 0.019898964 5.429088593 -0.005921510 0.999948263 0.008261210 -3.118414402 -0.019850386 -0.008377270 0.999767780 295.973541260
0.999772966 0.006592006 0.020258754 5.487714767 -0.006754033 0.999945581 0.007939905 -3.123079777 -0.020205317 -0.008074931 0.999763250 297.553100586
0.999748230 0.007013763 0.021320747 5.529378414 -0.007187518 0.999941409 0.008083827 -3.141394377 -0.021262804 -0.008235035 0.999740005 299.093994141
0.999742627 0.005557275 0.021992108 5.551969528 -0.005732527 0.999952257 0.007913885 -3.151862383 -0.021947077 -0.008037919 0.999726832 300.657226562
0.999760032 0.003044634 0.021689529 5.587397575 -0.003199015 0.999969780 0.007086611 -3.168430805 -0.021667300 -0.007154296 0.999739647 302.182800293
0.999777317 0.002284957 0.020977229 5.648180962 -0.002388419 0.999985099 0.004908373 -3.184090614 -0.020965705 -0.004957382 0.999767900 303.756469727
0.999758661 0.001953326 0.021881821 5.627496719 -0.002043792 0.999989450 0.004112727 -3.208426952 -0.021873556 -0.004156456 0.999752104 305.289489746
0.999791265 0.002801554 0.020239212 5.621013165 -0.002861173 0.999991655 0.002917384 -3.225167751 -0.020230865 -0.002974683 0.999790907 306.845336914
0.999827325 0.004133881 0.018124541 5.635258198 -0.004199542 0.999984741 0.003586178 -3.239081144 -0.018109435 -0.003661674 0.999829233 308.411804199
0.999818683 0.005366421 0.018270873 5.636826515 -0.005493203 0.999961138 0.006895895 -3.251846552 -0.018233158 -0.006995012 0.999809206 310.010162354
0.999810874 0.003679325 0.019096849 5.651761055 -0.003867030 0.999944508 0.009801534 -3.254565239 -0.019059729 -0.009873530 0.999769509 311.658966064
0.999801338 0.003453337 0.019630946 5.645588398 -0.003650917 0.999942958 0.010037798 -3.246563196 -0.019595167 -0.010107473 0.999756932 313.322570801
0.999774694 0.003081635 0.021001205 5.648931503 -0.003253295 0.999961555 0.008144550 -3.243505716 -0.020975301 -0.008211039 0.999746203 314.984130859
0.999762356 0.002427776 0.021665214 5.676962852 -0.002594990 0.999967039 0.007693324 -3.246910334 -0.021645820 -0.007747717 0.999735594 316.572479248
0.999767244 0.003516838 0.021282772 5.735970974 -0.003673143 0.999966681 0.007309563 -3.246242523 -0.021256352 -0.007386038 0.999746799 318.239440918
0.999741852 0.003762005 0.022408271 5.761693954 -0.003928408 0.999965012 0.007386545 -3.266577721 -0.022379700 -0.007472666 0.999721527 319.822784424
0.999746501 0.004613223 0.022037916 5.806200981 -0.004757080 0.999967694 0.006479722 -3.284032106 -0.022007313 -0.006582915 0.999736130 321.418182373
0.999740243 0.004635965 0.022311319 5.848853588 -0.004774189 0.999969721 0.006145951 -3.300724983 -0.022282148 -0.006250875 0.999732196 323.059234619
0.999720335 0.003938903 0.023314679 5.862927437 -0.004130797 0.999957860 0.008188168 -3.320081234 -0.023281449 -0.008282187 0.999694645 324.666229248
0.999719739 0.002172280 0.023571957 5.906860828 -0.002389493 0.999954939 0.009190671 -3.332423210 -0.023550930 -0.009244421 0.999679983 326.297637939
0.999712229 -0.000016990 0.023985328 5.922964096 -0.000192812 0.999961734 0.008744738 -3.362479448 -0.023984557 -0.008746847 0.999674082 327.892547607
0.999712288 0.001493334 0.023936372 5.944865227 -0.001709821 0.999957800 0.009026348 -3.379298210 -0.023921886 -0.009064680 0.999672651 329.488403320
0.999699235 0.003834109 0.024227841 5.954582214 -0.003995330 0.999970198 0.006609464 -3.380255222 -0.024201784 -0.006704273 0.999684632 331.135559082
0.999695063 0.005353614 0.024110965 5.960213661 -0.005452858 0.999976933 0.004052237 -3.403831959 -0.024088718 -0.004182474 0.999701083 332.719268799
0.999699891 0.006335907 0.023664515 5.994575977 -0.006443553 0.999969244 0.004475378 -3.420215845 -0.023635434 -0.004626519 0.999709904 334.270172119
0.999728799 0.007295533 0.022116745 6.053538799 -0.007467542 0.999942422 0.007704788 -3.428359509 -0.022059264 -0.007867856 0.999725640 335.850738525
0.999721348 0.008576839 0.021988811 6.067827702 -0.008810400 0.999905586 0.010547061 -3.442960978 -0.021896267 -0.010737851 0.999702573 337.437316895
0.999738634 0.008858670 0.021074470 6.084115982 -0.009057583 0.999915123 0.009361801 -3.454555750 -0.020989748 -0.009550238 0.999734044 339.019287109
0.999786735 0.008129711 0.018982736 6.120146751 -0.008279216 0.999935210 0.007810578 -3.462277889 -0.018918009 -0.007966072 0.999789298 340.603515625
0.999826491 0.007497899 0.017059686 6.169682980 -0.007656397 0.999927938 0.009244584 -3.482399464 -0.016989144 -0.009373595 0.999811709 342.196685791
0.999868691 0.004763097 0.015483218 6.229866028 -0.004920386 0.999936521 0.010136577 -3.499422789 -0.015433951 -0.010211429 0.999828756 343.794677734
0.999877334 0.006224027 0.014367897 6.297784805 -0.006356613 0.999937475 0.009200782 -3.509315729 -0.014309732 -0.009290984 0.999854445 345.406463623
0.999904275 0.004684181 0.013020329 6.343000889 -0.004795926 0.999951839 0.008564372 -3.523695707 -0.012979584 -0.008625997 0.999878466 346.959381104
0.999899685 0.004363744 0.013476971 6.344149590 -0.004476278 0.999955297 0.008331208 -3.538460732 -0.013440013 -0.008390699 0.999874473 348.522186279
0.999890268 0.004141085 0.014222510 6.333187580 -0.004259424 0.999956429 0.008300317 -3.552155972 -0.014187519 -0.008359987 0.999864399 350.104614258
0.999885917 0.003761131 0.014623304 6.329429150 -0.003876488 0.999961495 0.007868273 -3.564597368 -0.014593148 -0.007924064 0.999862075 351.689239502
0.999880254 0.003561016 0.015061402 6.338090897 -0.003674584 0.999964952 0.007519347 -3.584902763 -0.015034097 -0.007573791 0.999858320 353.255096436
0.999896765 0.002259473 0.014190178 6.370732307 -0.002371413 0.999966145 0.007876653 -3.598257065 -0.014171903 -0.007909491 0.999868274 354.803863525
0.999890089 0.001949539 0.014692814 6.383732319 -0.002058566 0.999970436 0.007408983 -3.621010542 -0.014677934 -0.007438415 0.999864578 356.321777344
0.999899149 0.001414950 0.014129501 6.431744576 -0.001496770 0.999982119 0.005781821 -3.630178690 -0.014121069 -0.005802387 0.999883413 357.897857666
0.999904573 -0.000120566 0.013812648 6.468848228 0.000010399 0.999968171 0.007975579 -3.653254747 -0.013813171 -0.007974674 0.999872804 359.460174561
0.999896467 -0.002008674 0.014248663 6.483425617 0.001882383 0.999958873 0.008871311 -3.672056437 -0.014265898 -0.008843571 0.999859154 361.032135010
0.999906301 -0.002015991 0.013542298 6.514827251 0.001915796 0.999970734 0.007407563 -3.675326109 -0.013556835 -0.007380923 0.999880850 362.617492676
0.999889433 -0.001167938 0.014824111 6.499360561 0.001056528 0.999971092 0.007521070 -3.700404167 -0.014832466 -0.007504576 0.999861836 364.165802002
0.999879658 0.001038496 0.015475639 6.497893810 -0.001162758 0.999967158 0.008022694 -3.696251154 -0.015466799 -0.008039725 0.999848127 365.686706543
0.999874175 -0.000178761 0.015857005 6.521108627 0.000022888 0.999951661 0.009829542 -3.734780073 -0.015857995 -0.009827943 0.999825954 367.243774414
0.999881089 0.000829560 0.015399073 6.571726322 -0.000972014 0.999956727 0.009245669 -3.738157272 -0.015390738 -0.009259538 0.999838710 368.845092773
0.999873221 0.002105566 0.015779855 6.591909885 -0.002230467 0.999966264 0.007901842 -3.736962795 -0.015762685 -0.007936036 0.999844193 370.430725098
0.999859929 0.002434925 0.016559666 6.591578484 -0.002568738 0.999964118 0.008064142 -3.751552820 -0.016539438 -0.008105549 0.999830306 372.025695801
0.999851763 0.002209025 0.017071130 6.600912571 -0.002353751 0.999961436 0.008462398 -3.769543648 -0.017051775 -0.008501326 0.999818444 373.701446533
0.999838114 0.003680357 0.017610040 6.603302002 -0.003826382 0.999958515 0.008265643 -3.772590876 -0.017578889 -0.008331688 0.999810755 375.305358887
0.999817252 0.005862976 0.018197039 6.615376472 -0.006016590 0.999946654 0.008398460 -3.778844118 -0.018146824 -0.008506407 0.999799132 376.930053711
0.999801040 0.008539816 0.018021604 6.651082516 -0.008670766 0.999936461 0.007200727 -3.782021999 -0.017958965 -0.007355557 0.999811649 378.516754150
0.999802649 0.008894288 0.017764660 6.672071934 -0.009010192 0.999938488 0.006455148 -3.795858145 -0.017706154 -0.006613938 0.999821365 380.145233154
0.999766052 0.009311564 0.019523490 6.667320728 -0.009445420 0.999932349 0.006775198 -3.811803818 -0.019459084 -0.006958020 0.999786437 381.772644043
