0.999999940 0.000000000 0.000000002 0.000000000 0.000000000 1.000000000 0.000000000 0.000000119 0.000000002 0.000000000 1.000000000 0.000000000
0.999998033 -0.001488146 -0.001277716 -0.007254186 0.001486705 0.999998271 -0.001128128 -0.004515479 0.001279397 0.001126226 0.999998569 0.580290675
0.999995589 -0.001774559 -0.002347443 -0.009278564 0.001768746 0.999995351 -0.002476250 -0.014755750 0.002351830 0.002472088 0.999994159 1.148400307
0.999983251 -0.002035013 -0.005401700 0.006984005 0.002017840 0.999992967 -0.003182620 -0.041054852 0.005408141 0.003171668 0.999980330 1.704503775
0.999963582 -0.004398472 -0.007303324 -0.001171350 0.004363528 0.999979019 -0.004793605 -0.052353300 0.007324255 0.004761563 0.999961853 2.268787146
0.999940038 -0.006827121 -0.008551698 -0.014348288 0.006769522 0.999954402 -0.006746136 -0.060394198 0.008597366 0.006687842 0.999940693 2.823521614
0.999910057 -0.007968993 -0.010779989 -0.005133860 0.007887709 0.999940455 -0.007561802 -0.075395584 0.010839607 0.007476092 0.999913335 3.396002054
0.999890804 -0.008549895 -0.012049026 -0.016767142 0.008464371 0.999938786 -0.007131367 -0.079483487 0.012109261 0.007028602 0.999902010 3.980593681
0.999868572 -0.008927929 -0.013530321 -0.024228517 0.008828999 0.999934018 -0.007354068 -0.097901955 0.013595087 0.007233643 0.999881446 4.580710411
0.999870479 -0.007966724 -0.013982328 -0.053160265 0.007829512 0.999920964 -0.009840886 -0.116730914 0.014059622 0.009730134 0.999853909 5.177284241
0.999859273 -0.006312769 -0.015545277 -0.056278370 0.006096573 0.999884605 -0.013915867 -0.126784712 0.015631333 0.013819138 0.999782264 5.785792351
0.999860525 -0.004448377 -0.016106589 -0.088754408 0.004155505 0.999826252 -0.018171374 -0.134667873 0.016184624 0.018101906 0.999705136 6.416023254
0.999842048 -0.003175135 -0.017483888 -0.102262467 0.002865140 0.999838889 -0.017726881 -0.148560688 0.017537354 0.017673990 0.999689996 7.042314053
0.999828100 -0.000776174 -0.018521326 -0.124034815 0.000577023 0.999942005 -0.010755424 -0.160524249 0.018528596 0.010742890 0.999770582 7.678205013
0.999811828 0.000164840 -0.019391706 -0.138619393 -0.000170013 0.999999940 -0.000265107 -0.168606251 0.019391669 0.000268354 0.999811828 8.340588570
0.999794900 0.001604986 -0.020185893 -0.158716366 -0.001477092 0.999978721 0.006349144 -0.182698682 0.020195659 -0.006318024 0.999776006 9.008464813
0.999749601 0.004072290 -0.021998134 -0.160603344 -0.003955121 0.999977767 0.005367239 -0.191644639 0.022019500 -0.005278890 0.999743640 9.694559097
0.999709308 0.005995954 -0.023347054 -0.167938709 -0.006038346 0.999980271 -0.001745604 -0.199537531 0.023336124 0.001886073 0.999725938 10.382108688
0.999699533 0.006628678 -0.023594521 -0.206417203 -0.006809573 0.999948025 -0.007594771 -0.205823243 0.023542954 0.007753158 0.999692798 11.083523750
0.999689162 0.004593866 -0.024502154 -0.227485031 -0.004742438 0.999970853 -0.006008948 -0.208668917 0.024473840 0.006123280 0.999681771 11.794425011
0.999688387 0.003716971 -0.024682645 -0.251296192 -0.003638876 0.999988258 0.003208169 -0.215670779 0.024694286 -0.003117352 0.999690175 12.583218575
0.999663413 0.003852754 -0.025651705 -0.249679834 -0.003576714 0.999935269 0.010798223 -0.226195022 0.025691645 -0.010702842 0.999612570 13.350812912
0.999668598 0.003133574 -0.025546648 -0.281973422 -0.002794250 0.999907494 0.013307386 -0.228718847 0.025585983 -0.013231595 0.999584973 14.143181801
0.999676049 0.002322933 -0.025345212 -0.306278139 -0.002011423 0.999922216 0.012309292 -0.227193713 0.025371842 -0.012254326 0.999603033 14.950485229
0.999677420 0.001532102 -0.025350789 -0.321351409 -0.001293304 0.999954641 0.009433452 -0.216850877 0.025364093 -0.009397623 0.999634266 15.775388718
0.999704659 0.003804868 -0.024003265 -0.356031954 -0.003643182 0.999970436 0.006776106 -0.225650489 0.024028340 -0.006686657 0.999689043 16.614591599
0.999683142 0.001271831 -0.025138989 -0.330818534 -0.001253433 0.999998927 0.000747594 -0.226472557 0.025139917 -0.000715847 0.999683678 17.488363266
0.999705791 -0.001562720 -0.024201844 -0.352743745 0.001423643 0.999982357 -0.005762727 -0.233208522 0.024210429 0.005726577 0.999690473 18.353803635
0.999718130 -0.000568784 -0.023732655 -0.350611687 0.000293016 0.999932408 -0.011621628 -0.232849777 0.023737663 0.011611397 0.999650776 19.225460052
0.999734461 0.001708604 -0.022979217 -0.387439102 -0.001985351 0.999925673 -0.012025943 -0.258094579 0.022956964 0.012068372 0.999663651 20.142314911
0.999730289 0.001240368 -0.023193294 -0.405255586 -0.001503470 0.999934614 -0.011329890 -0.277010441 0.023177730 0.011361707 0.999666810 21.046325684
0.999723852 0.003283529 -0.023269873 -0.425280750 -0.003593506 0.999905229 -0.013291648 -0.296006799 0.023224024 0.013371600 0.999640882 21.960372925
0.999713838 0.006760158 -0.022946488 -0.455414951 -0.007099339 0.999866247 -0.014732295 -0.323064715 0.022843827 0.014890985 0.999628127 22.929040909
0.999701500 0.009813040 -0.022375287 -0.491841644 -0.010165299 0.999825358 -0.015684329 -0.340247929 0.022217471 0.015907098 0.999626577 23.891361237
0.999688625 0.012016073 -0.021865755 -0.517638385 -0.012362859 0.999798894 -0.015794374 -0.365822196 0.021671569 0.016059784 0.999636173 24.838354111
0.999671340 0.012858853 -0.022172837 -0.542952538 -0.013205787 0.999791563 -0.015572005 -0.400534004 0.021967977 0.015859701 0.999632895 25.806009293
0.999656916 0.012418400 -0.023057090 -0.558594465 -0.012771791 0.999802291 -0.015243320 -0.425822020 0.022863237 0.015532575 0.999617994 26.784784317
0.999629438 0.013196823 -0.023804819 -0.577674448 -0.013533933 0.999809623 -0.014056356 -0.453894317 0.023614790 0.014373322 0.999617815 27.814638138
0.999623179 0.014137424 -0.023526762 -0.607955933 -0.014420164 0.999825358 -0.011891882 -0.481252104 0.023354532 0.012226663 0.999652505 28.830341339
0.999575496 0.015309757 -0.024786236 -0.619678736 -0.015585677 0.999818325 -0.010977374 -0.506979048 0.024613677 0.011359024 0.999632478 29.836299896
0.999557436 0.015774421 -0.025223058 -0.647568405 -0.016072500 0.999802887 -0.011658980 -0.537479997 0.025034180 0.012059216 0.999613881 30.860763550
0.999555171 0.016058633 -0.025134288 -0.683507442 -0.016375678 0.999788284 -0.012459419 -0.563304245 0.024928892 0.012865468 0.999606431 31.911022186
0.999558389 0.015652033 -0.025256464 -0.725251675 -0.015960494 0.999799967 -0.012057902 -0.577800035 0.025062680 0.012455685 0.999608278 32.944164276
0.999533474 0.014486922 -0.026883207 -0.733702362 -0.014724906 0.999854088 -0.008675832 -0.616181016 0.026753595 0.009067639 0.999600947 34.063430786
0.999532461 0.015230276 -0.026510157 -0.777542174 -0.015361043 0.999870718 -0.004736105 -0.637466311 0.026434602 0.005141116 0.999637365 35.136188507
0.999529719 0.014461976 -0.027039193 -0.810507119 -0.014527642 0.999892056 -0.002233757 -0.659065247 0.027003976 0.002625522 0.999631941 36.192382812
0.999528587 0.014085863 -0.027276659 -0.847295403 -0.014144540 0.999898136 -0.001959552 -0.672034681 0.027246280 0.002344444 0.999626160 37.285045624
0.999517262 0.013650098 -0.027904350 -0.891566217 -0.013761149 0.999898136 -0.003791485 -0.680552363 0.027849758 0.004173652 0.999603450 38.398853302
0.999496043 0.014028944 -0.028472349 -0.932666302 -0.014163565 0.999889374 -0.004531926 -0.694994152 0.028405633 0.004932913 0.999584317 39.489929199
0.999478579 0.014327192 -0.028934920 -0.977737248 -0.014422026 0.999891281 -0.003071394 -0.713577867 0.028887767 0.003487092 0.999576569 40.612548828
0.999458313 0.015059008 -0.029260593 -1.027625561 -0.015098146 0.999885321 -0.001117130 -0.726332605 0.029240413 0.001558306 0.999571204 41.714317322
0.999447584 0.014920033 -0.029695282 -1.055361986 -0.014887086 0.999888301 0.001330304 -0.746954560 0.029711820 -0.000887492 0.999558091 42.855224609
0.999390662 0.015678067 -0.031181024 -1.084104300 -0.015650116 0.999876857 0.001140266 -0.764837444 0.031195067 -0.000651584 0.999513090 43.957427979
0.999373138 0.017173108 -0.030954385 -1.147433519 -0.017259222 0.999848008 -0.002516977 -0.781577647 0.030906452 0.003049649 0.999517620 45.044174194
0.999328256 0.017674793 -0.032101389 -1.172197580 -0.017900653 0.999816954 -0.006762021 -0.797929704 0.031975996 0.007332114 0.999461770 46.117198944
0.999382675 0.018863525 -0.029636143 -1.248398423 -0.019071776 0.999795258 -0.006759993 -0.817494035 0.029502563 0.007321037 0.999537885 47.216030121
0.999367118 0.019120680 -0.029995935 -1.275567055 -0.019255437 0.999805748 -0.004210158 -0.838443577 0.029909611 0.004785080 0.999541104 48.300655365
0.999345601 0.020429676 -0.029845083 -1.312234879 -0.020503372 0.999787390 -0.002165315 -0.857651174 0.029794501 0.002775823 0.999552190 49.385093689
0.999375820 0.019132102 -0.029694192 -1.340591073 -0.019173013 0.999815583 -0.001093599 -0.873440981 0.029667800 0.001662245 0.999558449 50.463836670
0.999394953 0.017997840 -0.029762011 -1.375443697 -0.018055988 0.999835551 -0.001686218 -0.904215455 0.029726770 0.002222583 0.999555588 51.531970978
0.999407351 0.017674433 -0.029537588 -1.416357279 -0.017782267 0.999836147 -0.003392047 -0.923041105 0.029472798 0.003915284 0.999557912 52.637886047
0.999410033 0.017292479 -0.029671729 -1.443248510 -0.017473184 0.999830306 -0.005841714 -0.936833501 0.029565679 0.006356729 0.999542594 53.749565125
0.999437630 0.015882349 -0.029528707 -1.479825974 -0.016143827 0.999832392 -0.008637743 -0.953015566 0.029386574 0.009109594 0.999526560 54.856193542
0.999412000 0.015112729 -0.030774591 -1.487257838 -0.015460256 0.999819040 -0.011086222 -0.996597588 0.030601488 0.011555487 0.999464869 55.937526703
0.999452055 0.013546799 -0.030198568 -1.527875543 -0.013949654 0.999816000 -0.013169689 -1.022351503 0.030014612 0.013583735 0.999457181 57.023498535
0.999496400 0.012240904 -0.029272957 -1.596482754 -0.012569824 0.999859631 -0.011078799 -1.040855765 0.029133230 0.011441176 0.999510050 58.163490295
0.999522686 0.011366305 -0.028725957 -1.633182883 -0.011517907 0.999920547 -0.005117570 -1.065649509 0.028665509 0.005445990 0.999574125 59.256866455
0.999549329 0.009750842 -0.028388893 -1.684699774 -0.009734355 0.999952376 0.000719050 -1.079271197 0.028394561 -0.000442378 0.999596655 60.380764008
0.999570727 0.007957378 -0.028192433 -1.723318338 -0.007921362 0.999967635 0.001388968 -1.095437169 0.028202582 -0.001165049 0.999601543 61.492568970
0.999595344 0.004789470 -0.028036570 -1.747716665 -0.004838753 0.999986887 -0.001690210 -1.115326047 0.028028110 0.001825190 0.999605477 62.564586639
0.999613404 0.003159894 -0.027623607 -1.792321920 -0.003298030 0.999982297 -0.004956497 -1.127237082 0.027607461 0.005045684 0.999606192 63.654083252
0.999586523 0.005152344 -0.028286478 -1.833824396 -0.005411887 0.999943972 -0.009106589 -1.152736068 0.028237972 0.009255908 0.999558389 64.764373779
0.999575496 0.005698788 -0.028567895 -1.870329738 -0.006083619 0.999891758 -0.013401959 -1.175735593 0.028488422 0.013570070 0.999502003 65.860321045
0.999597728 0.008271284 -0.027129656 -1.928506851 -0.008663012 0.999859512 -0.014353435 -1.199278951 0.027007118 0.014582681 0.999528885 66.969215393
0.999581754 0.011546399 -0.026514929 -1.967210889 -0.011836651 0.999871552 -0.010815948 -1.225326777 0.026386635 0.011125272 0.999589860 68.075721741
0.999582291 0.013906375 -0.025330896 -2.015806437 -0.014117783 0.999866784 -0.008186186 -1.263329029 0.025213683 0.008540384 0.999645591 69.166862488
0.999613464 0.012248965 -0.024952818 -2.046278238 -0.012438181 0.999894977 -0.007441895 -1.283850431 0.024859039 0.007749389 0.999660969 70.265769958
0.999604046 0.012168985 -0.025368618 -2.070494175 -0.012339757 0.999902189 -0.006585842 -1.315024137 0.025285995 0.006896280 0.999656379 71.354507446
0.999611676 0.010984200 -0.025606582 -2.097314835 -0.011114964 0.999925911 -0.004969811 -1.341918111 0.025550095 0.005252499 0.999659657 72.442787170
0.999602556 0.009563781 -0.026517857 -2.095322132 -0.009657612 0.999947488 -0.003412628 -1.360984445 0.026483828 0.003667370 0.999642491 73.578018188
0.999619186 0.008761201 -0.026166486 -2.136770964 -0.008807805 0.999959767 -0.001666343 -1.383265615 0.026150836 0.001896177 0.999656200 74.674415588
0.999586344 0.008149458 -0.027579475 -2.143311739 -0.008220808 0.999963224 -0.002474760 -1.413843393 0.027558289 0.002700461 0.999616563 75.752799988
0.999549627 0.008657084 -0.028731812 -2.158284187 -0.008847435 0.999939799 -0.006504663 -1.434890509 0.028673770 0.006755936 0.999565959 76.815979004
0.999542654 0.009067402 -0.028847836 -2.199700356 -0.009312866 0.999921501 -0.008385989 -1.462013364 0.028769532 0.008650810 0.999548733 77.911918640
0.999498606 0.011404920 -0.029538570 -2.231731415 -0.011611857 0.999909163 -0.006843532 -1.484756351 0.029457849 0.007183098 0.999540210 78.997070312
0.999486327 0.012696734 -0.029424382 -2.274181366 -0.012773095 0.999915481 -0.002408556 -1.506875038 0.029391313 0.002783159 0.999564052 80.073524475
0.999469042 0.014695925 -0.029079294 -2.334794760 -0.014662168 0.999891579 0.001373863 -1.522977591 0.029096333 -0.000946769 0.999576151 81.137916565
0.999430597 0.015616030 -0.029909100 -2.361929417 -0.015559109 0.999876678 0.002134925 -1.538627386 0.029938752 -0.001668350 0.999550402 82.213592529
0.999441504 0.015578433 -0.029562965 -2.412811756 -0.015592043 0.999878407 -0.000230024 -1.548047900 0.029555786 0.000690843 0.999562979 83.267929077
0.999412179 0.015456575 -0.030597819 -2.441805124 -0.015503319 0.999878943 -0.001290913 -1.564307928 0.030574167 0.001764521 0.999531090 84.359344482
0.999375999 0.015393255 -0.031789541 -2.467453957 -0.015457341 0.999878943 -0.001771104 -1.577030897 0.031758439 0.002261380 0.999493122 85.431480408
0.999415636 0.013197993 -0.031529874 -2.504471064 -0.013233614 0.999912024 -0.000921304 -1.606431007 0.031514946 0.001338020 0.999502420 86.467567444
0.999425650 0.012114689 -0.031647179 -2.550560713 -0.012121920 0.999926567 -0.000036586 -1.615702629 0.031644415 0.000420189 0.999499202 87.481330872
0.999413550 0.011711812 -0.032173097 -2.597984314 -0.011623325 0.999928176 0.002936012 -1.640524268 0.032205168 -0.002560332 0.999478042 88.513298035
0.999393404 0.010699897 -0.033139065 -2.642406940 -0.010612749 0.999939859 0.002804623 -1.649176478 0.033167079 -0.002451226 0.999446869 89.486160278
0.999350250 0.009736514 -0.034703664 -2.698510170 -0.009595347 0.999944985 0.004232117 -1.681423426 0.034742959 -0.003896372 0.999388695 90.455787659
0.999233902 0.009860141 -0.037875414 -2.737888813 -0.009755135 0.999948144 0.002956253 -1.692165613 0.037902586 -0.002584508 0.999278188 91.394760132
0.999082983 0.009304773 -0.041792996 -2.772598267 -0.009207856 0.999954462 0.002510912 -1.718529582 0.041814450 -0.002123784 0.999123096 92.337669373
0.998966515 0.009448595 -0.044460986 -2.829071522 -0.009329733 0.999952316 0.002880150 -1.735786557 0.044486087 -0.002462363 0.999006927 93.230293274
0.998825729 0.010826435 -0.047221158 -2.895877123 -0.010648864 0.999935210 0.004010326 -1.753078461 0.047261517 -0.003502763 0.998876393 94.095420837
0.998646319 0.011804667 -0.050656963 -2.940698385 -0.011571628 0.999921024 0.004891203 -1.766769886 0.050710704 -0.004298398 0.998704135 94.946578979
0.998485744 0.012805757 -0.053499550 -2.984170675 -0.012465548 0.999899924 0.006688058 -1.783135772 0.053579837 -0.006011031 0.998545468 95.755332947
0.998335779 0.014373101 -0.055848431 -3.043971062 -0.013989772 0.999875903 0.007248763 -1.793131232 0.055945683 -0.006455393 0.998412907 96.544418335
0.998146594 0.016530287 -0.058566939 -3.092185736 -0.016115174 0.999841630 0.007553196 -1.800913572 0.058682520 -0.006595379 0.998254955 97.331878662
0.997931242 0.018386163 -0.061604109 -3.144899130 -0.018024828 0.999816895 0.006416129 -1.816993475 0.061710805 -0.005292451 0.998080134 98.059562683
0.997865081 0.020266347 -0.062084030 -3.238059521 -0.020159429 0.999794066 0.002348212 -1.824033976 0.062118825 -0.001091620 0.998068273 98.755279541
0.997587740 0.022799758 -0.065564930 -3.267091036 -0.022886453 0.999737859 -0.000571418 -1.850294590 0.065534718 0.002070590 0.997848153 99.394866943
0.997339845 0.024242751 -0.068741418 -3.296482801 -0.024512470 0.999694705 -0.003082693 -1.861812115 0.068645701 0.004759515 0.997629762 100.052787781
0.997183502 0.026048819 -0.070333220 -3.335000515 -0.026368590 0.999645710 -0.003621681 -1.889484644 0.070213966 0.005466068 0.997517049 100.657218933
0.997170031 0.028705250 -0.069482192 -3.391134739 -0.028997431 0.999574363 -0.003199900 -1.896182299 0.069360778 0.005205651 0.997578025 101.250030518
0.997390211 0.032810055 -0.064314499 -3.492842197 -0.033005297 0.999453247 -0.001975343 -1.907801986 0.064214528 0.004092908 0.997927725 101.855392456
0.997644663 0.035284888 -0.058823418 -3.529547691 -0.035402533 0.999372661 -0.000958713 -1.915500402 0.058752675 0.003038954 0.998268068 102.413604736
0.998082995 0.035751812 -0.050518196 -3.567338467 -0.035714045 0.999360740 0.001650379 -1.941053033 0.050544903 0.000156994 0.998721898 102.904937744
0.998517692 0.036007475 -0.040817194 -3.590863228 -0.035882391 0.999348819 0.003792973 -1.944090366 0.040927183 -0.002322731 0.999159515 103.411514282
0.998912871 0.035939090 -0.029689852 -3.578180552 -0.035821348 0.999348164 0.004488431 -1.950031281 0.029831801 -0.003420020 0.999549210 103.922859192
0.999248981 0.035097752 -0.016418310 -3.560882330 -0.035028320 0.999376178 0.004498222 -1.960997105 0.016565949 -0.003919738 0.999855042 104.373817444
0.999384940 0.035026446 -0.001720298 -3.550685167 -0.035020251 0.999380410 0.003511774 -1.970945954 0.001842241 -0.003449367 0.999992311 104.810470581
0.999295771 0.033905145 0.016073661 -3.526675701 -0.033903725 0.999425054 -0.000361821 -1.975354671 -0.016076691 -0.000183391 0.999870718 105.243011475
0.998761177 0.032909025 0.037322134 -3.493414879 -0.032768458 0.999453425 -0.004372299 -1.998488307 -0.037445627 0.003143894 0.999293745 105.627281189
0.997673273 0.030578060 0.060933739 -3.439506531 -0.030047279 0.999502301 -0.009608554 -2.001995087 -0.061197214 0.007755305 0.998095632 106.055122375
0.995601237 0.029337076 0.088980578 -3.411158562 -0.028344825 0.999521315 -0.012394764 -2.015124798 -0.089301616 0.009818104 0.995956182 106.426353455
0.992502332 0.026913019 0.119225152 -3.342580795 -0.025375281 0.999574304 -0.014397425 -2.020200729 -0.119561858 0.011264107 0.992762923 106.822967529
0.988254845 0.024735967 0.150799602 -3.244984627 -0.022571497 0.999616385 -0.016048379 -2.040328503 -0.151138738 0.012456120 0.988434017 107.192092896
0.982227385 0.022402743 0.186353564 -3.142372131 -0.019400181 0.999651134 -0.017920440 -2.053964853 -0.186690032 0.013986651 0.982319355 107.571220398
0.974394560 0.018514914 0.224081576 -3.026201248 -0.014582495 0.999709547 -0.019191355 -2.066643715 -0.224371791 0.015432280 0.974381387 107.920593262
0.963935852 0.017761067 0.265541494 -2.928134918 -0.012673034 0.999701977 -0.020862214 -2.071834087 -0.265832901 0.016744617 0.963873744 108.244796753
0.951343775 0.018173639 0.307595193 -2.809787750 -0.012096221 0.999692321 -0.021653090 -2.095513582 -0.307894051 0.016878791 0.951270938 108.566322327
0.935859799 0.020460036 0.351778150 -2.665630341 -0.013482526 0.999660969 -0.022273540 -2.113614082 -0.352114528 0.016102053 0.935818434 108.884498596
0.918383181 0.021031246 0.395133197 -2.483428955 -0.013722986 0.999678671 -0.021313146 -2.127944946 -0.395454407 0.014151225 0.918376625 109.193016052
0.898101389 0.019953473 0.439335525 -2.295871735 -0.011555496 0.999695897 -0.021781536 -2.129252434 -0.439636528 0.014485286 0.898058951 109.495735168
0.875528812 0.019028425 0.482791126 -2.091491699 -0.009347972 0.999704242 -0.022449424 -2.146455765 -0.483075440 0.015141997 0.875447810 109.777969360
0.850196898 0.020405272 0.526069283 -1.927303314 -0.008601125 0.999653578 -0.024874205 -2.162297964 -0.526394546 0.016623192 0.850077927 110.004165649
0.822427452 0.023008959 0.568404496 -1.704742432 -0.007568210 0.999535799 -0.029510632 -2.172353506 -0.568819642 0.019968556 0.822219849 110.268554688
0.791211367 0.027638357 0.610918045 -1.483966827 -0.008557203 0.999380708 -0.034130089 -2.190791130 -0.611482978 0.021776361 0.790957928 110.529663086
0.756787300 0.033853088 0.652784169 -1.251552582 -0.011677759 0.999198794 -0.038279712 -2.208455086 -0.653557003 0.021346547 0.756576240 110.771888733
0.717880964 0.038482156 0.695101500 -1.009685516 -0.014697633 0.999086201 -0.040132042 -2.237482548 -0.696010709 0.018593688 0.717790663 111.015815735
0.682645559 0.039131060 0.729701102 -0.704017639 -0.011312595 0.999011517 -0.042990047 -2.239498138 -0.730662048 0.021092150 0.682413518 111.173934937
0.641354322 0.036791041 0.766362131 -0.396282196 -0.007460622 0.999101579 -0.041720588 -2.260001183 -0.767208695 0.021040140 0.641052544 111.383666992
0.596772432 0.034616034 0.801663518 -0.096107483 -0.004642040 0.999201298 -0.039690152 -2.270797253 -0.802397072 0.019964628 0.596456468 111.580917358
0.549769759 0.032840919 0.834670186 0.215980530 -0.003771700 0.999314308 -0.036834698 -2.295418978 -0.835307598 0.017102476 0.549516678 111.759735107
0.500862598 0.030368570 0.864993811 0.547008514 -0.002147458 0.999424875 -0.033844765 -2.312669754 -0.865524292 0.015094038 0.500639677 111.928634644
0.451644272 0.027664298 0.891769052 0.898868561 0.001257573 0.999498367 -0.031643175 -2.316758633 -0.892197430 0.015412917 0.451382965 112.039688110
0.399364322 0.027864179 0.916368783 1.276451111 -0.000700026 0.999547005 -0.030088309 -2.334111452 -0.916792154 0.011374717 0.399202943 112.182342529
0.349193633 0.032535445 0.936485589 1.617202759 -0.003877368 0.999438643 -0.033276785 -2.357990265 -0.937042594 0.007988941 0.349123836 112.256370544
0.298155934 0.037829965 0.953767180 2.021635056 -0.003608921 0.999251842 -0.038505878 -2.369664907 -0.954510331 0.008038684 0.298069447 112.362792969
0.251299381 0.040265035 0.967071474 2.429504395 -0.001988682 0.999153733 -0.041084040 -2.384921312 -0.967907250 0.008401195 0.251166821 112.435585022
0.210599542 0.039265774 0.976783514 2.851968765 0.006862952 0.999108970 -0.041642923 -2.408527374 -0.977548242 0.015473600 0.210142419 112.475547791
0.176204100 0.039589595 0.983557165 3.331314087 0.015056888 0.998965621 -0.042907245 -2.428064823 -0.984238386 0.022369746 0.175425708 112.509590149
0.145767018 0.040878657 0.988474011 3.786140442 0.019656008 0.998829186 -0.044205502 -2.444551706 -0.989123583 0.025873160 0.144792825 112.545478821
0.118071914 0.039347809 0.992225170 4.259172440 0.017730601 0.998971760 -0.041725248 -2.467173100 -0.992846727 0.022519328 0.117252856 112.582305908
0.092300348 0.036250535 0.995071232 4.767126083 0.012617877 0.999214232 -0.037571874 -2.486481905 -0.995651245 0.016023582 0.091770433 112.615669250
0.068765774 0.032106817 0.997116089 5.271552563 0.008142123 0.999430537 -0.032742865 -2.510153770 -0.997599661 0.010370227 0.068465203 112.633163452
0.045872539 0.029669076 0.998506606 5.807420731 0.012087489 0.999469161 -0.030252986 -2.536039114 -0.998874187 0.013457218 0.045489572 112.635231018
0.025704671 0.030288216 0.999210656 6.360054970 0.021040704 0.999303162 -0.030832296 -2.561270952 -0.999448121 0.021816632 0.025049474 112.622589111
0.008550068 0.032582637 0.999432504 6.908360004 0.025980286 0.999124467 -0.032794856 -2.587057829 -0.999625862 0.026245940 0.007696077 112.603782654
-0.006222688 0.038107470 0.999254286 7.481457710 0.025903959 0.998944402 -0.037934344 -2.607097626 -0.999645054 0.025648585 -0.007203255 112.600914001
-0.016534267 0.042650945 0.998953164 8.071983337 0.023597501 0.998828173 -0.042255033 -2.626098871 -0.999584734 0.022874143 -0.017521342 112.575988770
-0.022529680 0.042640530 0.998836398 8.704998970 0.026490904 0.998764694 -0.042039942 -2.643357277 -0.999395132 0.025512934 -0.023631435 112.553504944
-0.025457172 0.039087377 0.998911440 9.311503410 0.030964710 0.998786628 -0.038293369 -2.686724663 -0.999196410 0.029956158 -0.026636600 112.522956848
-0.024301501 0.037551668 0.998999119 9.969312668 0.032709397 0.998789072 -0.036748096 -2.713896990 -0.999169469 0.031783622 -0.025500361 112.491600037
-0.022658374 0.036743782 0.999067783 10.604145050 0.031076502 0.998867333 -0.036031608 -2.751605988 -0.999260187 0.030231122 -0.023774579 112.463653564
-0.021042584 0.037248172 0.999084473 11.282894135 0.027498864 0.998949170 -0.036663949 -2.775434256 -0.999400496 0.026702179 -0.022044748 112.440612793
-0.019633092 0.038366511 0.999070764 11.981621742 0.026188966 0.998940468 -0.037846852 -2.810180902 -0.999464214 0.025421584 -0.020617064 112.421241760
-0.018479751 0.039151054 0.999062359 12.724278450 0.025638789 0.998923004 -0.038671352 -2.844409466 -0.999500453 0.024900114 -0.019463630 112.406837463
-0.017600680 0.038367316 0.999108672 13.449225426 0.025386978 0.998958528 -0.037914317 -2.883238554 -0.999522746 0.024697032 -0.018556371 112.391944885
-0.016971352 0.037436154 0.999154866 14.201986313 0.024588861 0.999012291 -0.037013147 -2.910156488 -0.999553621 0.023939917 -0.017875100 112.375808716
-0.016116789 0.035391320 0.999243617 14.957496643 0.025551112 0.999061644 -0.034972761 -2.965590477 -0.999543488 0.024968138 -0.017005956 112.343559265
-0.016961889 0.033444233 0.999296606 15.728044510 0.026455028 0.999105692 -0.032988798 -2.995362282 -0.999505997 0.025876870 -0.017831486 112.343315125
-0.017018041 0.031659927 0.999353826 16.550243378 0.023660384 0.999231398 -0.031253140 -3.034795761 -0.999575138 0.023113232 -0.017754043 112.300933838
-0.017822281 0.029907780 0.999393880 17.318897247 0.023172518 0.999296427 -0.029491628 -3.075169325 -0.999572575 0.022632862 -0.018502779 112.290092468
-0.019249413 0.027823288 0.999427378 18.122310638 0.025849188 0.999292433 -0.027321659 -3.102768421 -0.999480486 0.025308458 -0.019955000 112.277656555
-0.020749142 0.026756195 0.999426544 18.927825928 0.026533401 0.999304414 -0.026202066 -3.127526522 -0.999432564 0.025974512 -0.021444647 112.262863159
-0.022395302 0.025235023 0.999430597 19.718278885 0.024558656 0.999393642 -0.024683777 -3.174912930 -0.999447525 0.023991872 -0.023001458 112.256752014
-0.023165774 0.030187350 0.999275684 20.537364960 0.021808190 0.999321401 -0.029683162 -3.202490330 -0.999493718 0.021104759 -0.023808384 112.235527039
-0.023659570 0.035042100 0.999105692 21.381038666 0.022814495 0.999144316 -0.034503177 -3.232721090 -0.999459624 0.021977765 -0.024438791 112.203765869
-0.024982028 0.036778297 0.999011099 22.211036682 0.022766085 0.999084890 -0.036211707 -3.268816948 -0.999428630 0.021838930 -0.025796464 112.181961060
-0.026954103 0.034478646 0.999041855 23.030885696 0.019613612 0.999230981 -0.033955988 -3.307290077 -0.999444246 0.018679570 -0.027609620 112.187828064
-0.027535077 0.029820422 0.999175906 23.824176788 0.017037194 0.999423742 -0.029358307 -3.353652239 -0.999475658 0.016214771 -0.028027266 112.155006409
-0.028167481 0.024847830 0.999294281 24.642539978 0.015382185 0.999583364 -0.024421435 -3.387773991 -0.999484837 0.014683440 -0.028537957 112.141967773
-0.029268362 0.018715050 0.999396384 25.455497742 0.012427414 0.999754310 -0.018357798 -3.429351807 -0.999494374 0.011882611 -0.029493747 112.128547668
-0.029696925 0.017299123 0.999409199 26.284614563 0.009221810 0.999812305 -0.017032079 -3.466985226 -0.999516428 0.008710561 -0.029850876 112.116554260
-0.028589971 0.025049552 0.999277234 27.111742020 0.011551240 0.999627471 -0.024727840 -3.491432905 -0.999524534 0.010835923 -0.028868672 112.087768555
-0.026920877 0.035227209 0.999016702 27.903949738 0.013977686 0.999294460 -0.034860343 -3.538965702 -0.999539852 0.013025472 -0.027394280 112.047935486
-0.026359851 0.040229563 0.998842657 28.664245605 0.015562437 0.999085367 -0.039828632 -3.572626591 -0.999531329 0.014494548 -0.026961818 112.025146484
-0.024834031 0.034882374 0.999082804 29.467384338 0.016540706 0.999268591 -0.034477707 -3.613480091 -0.999554694 0.015669310 -0.025392851 111.991592407
-0.023775442 0.026676111 0.999361336 30.280027390 0.020125447 0.999454141 -0.026199788 -3.652658939 -0.999514699 0.019489678 -0.024299331 111.956642151
-0.023392729 0.023764469 0.999443769 31.081548691 0.021851359 0.999490917 -0.023254136 -3.693356991 -0.999487519 0.021295229 -0.023900103 111.929786682
-0.024462176 0.024676800 0.999396026 31.906377792 0.020124700 0.999504983 -0.024186891 -3.727538824 -0.999498248 0.019520881 -0.024946680 111.923515320
-0.025598634 0.025364310 0.999350429 32.683170319 0.017172137 0.999541759 -0.024929294 -3.765094519 -0.999524772 0.016522827 -0.026022462 111.898536682
-0.027149914 0.025587503 0.999303758 33.435634613 0.015613868 0.999561131 -0.025169887 -3.795226574 -0.999509335 0.014919638 -0.027537523 111.883010864
-0.029179620 0.025832251 0.999240220 34.235679626 0.015950644 0.999550700 -0.025374491 -3.827022076 -0.999446869 0.015198110 -0.029578550 111.859115601
-0.031489383 0.025901886 0.999168396 35.052742004 0.014235475 0.999574423 -0.025463767 -3.861166477 -0.999402642 0.013421799 -0.031844713 111.837707520
-0.034673404 0.026423547 0.999049246 35.848842621 0.013307963 0.999574065 -0.025975548 -3.892689705 -0.999310076 0.012394652 -0.035010274 111.825416565
-0.037237972 0.025533624 0.998980105 36.653331757 0.010882989 0.999624610 -0.025144419 -3.922489405 -0.999247193 0.009935562 -0.037501872 111.831924438
-0.039090715 0.024079666 0.998945475 37.433658600 0.010630567 0.999662995 -0.023680966 -3.959031582 -0.999179125 0.009693653 -0.039333526 111.794975281
-0.042576443 0.024753314 0.998786509 38.219200134 0.010682286 0.999647200 -0.024319276 -3.988554955 -0.999036133 0.009633896 -0.042825844 111.782646179
-0.043483194 0.025700875 0.998723686 38.985172272 0.011215319 0.999618590 -0.025235614 -4.014305115 -0.998991191 0.010103677 -0.043754853 111.728019714
-0.044903494 0.025384072 0.998668790 39.755802155 0.011450300 0.999624431 -0.024893524 -4.050816059 -0.998925626 0.010317250 -0.045177292 111.699798584
-0.045670237 0.024492057 0.998656392 40.495704651 0.012583017 0.999634206 -0.023940602 -4.083123207 -0.998877287 0.011472736 -0.045961712 111.655677795
-0.046994135 0.023588933 0.998616576 41.203433990 0.013196265 0.999648571 -0.022992302 -4.120913506 -0.998807967 0.012097508 -0.047288906 111.609260559
-0.049911719 0.023185475 0.998484433 41.966659546 0.011509635 0.999677479 -0.022637840 -4.153267384 -0.998687267 0.010362299 -0.050162468 111.599273682
-0.050537981 0.022275155 0.998473704 42.700008392 0.009777996 0.999714434 -0.021807916 -4.182301998 -0.998674214 0.008660945 -0.050741360 111.569755554
-0.051312983 0.020425042 0.998473823 43.370849609 0.006796262 0.999774873 -0.020102393 -4.217178822 -0.998659492 0.005754375 -0.051440239 111.524215698
-0.051954247 0.020315534 0.998442829 44.067764282 0.007131933 0.999775112 -0.019971535 -4.244910717 -0.998623908 0.006083222 -0.052087452 111.483543396
-0.052432422 0.022617452 0.998368204 44.735786438 0.007089919 0.999726653 -0.022275876 -4.277041435 -0.998599350 0.005910371 -0.052578468 111.439247131
-0.052490436 0.025340043 0.998299778 45.419307709 0.006772167 0.999664009 -0.025018591 -4.305401325 -0.998598576 0.005447415 -0.052644420 111.402694702
-0.052374806 0.026859501 0.998266220 46.096881866 0.004568867 0.999634326 -0.026656600 -4.338443756 -0.998617053 0.003164813 -0.052478351 111.361381531
-0.052298825 0.027378766 0.998256087 46.771034241 0.004748125 0.999619663 -0.027167412 -4.370025635 -0.998620212 0.003319021 -0.052408919 111.321853638
-0.051911928 0.027444277 0.998274505 47.444931030 0.006243537 0.999611676 -0.027156366 -4.399156094 -0.998632193 0.004823024 -0.052063137 111.274185181
-0.052586097 0.026822094 0.998256147 48.125156403 0.007197621 0.999623477 -0.026479676 -4.429414749 -0.998590529 0.005792607 -0.052759346 111.247879028
-0.052783631 0.026954429 0.998242140 48.764198303 0.003291674 0.999634981 -0.026817983 -4.458564758 -0.998600543 0.001870337 -0.052853100 111.222328186
-0.052552421 0.027407266 0.998241961 49.420978546 0.000874854 0.999624193 -0.027399160 -4.485106468 -0.998617828 -0.000566576 -0.052556641 111.185951233
-0.053528368 0.025497211 0.998240650 50.081607819 0.001839611 0.999674797 -0.025435189 -4.525647163 -0.998564780 0.000474870 -0.053557850 111.166053772
-0.054614749 0.025112117 0.998191714 50.737651825 0.002782492 0.999683678 -0.024997409 -4.551416397 -0.998503745 0.001412233 -0.054667342 111.128547668
-0.058121078 0.024693625 0.998004019 51.399147034 -0.000451396 0.999693334 -0.024761707 -4.576842308 -0.998309493 -0.001889671 -0.058092117 111.085853577
-0.062961325 0.024010357 0.997727096 52.060970306 -0.003905700 0.999697030 -0.024304226 -4.606384754 -0.998008370 -0.005427049 -0.062848479 111.038497925
-0.068067536 0.027952209 0.997289062 52.717967987 -0.000351861 0.999606788 -0.028041184 -4.636465073 -0.997680604 -0.002259601 -0.068030946 110.969467163
-0.075342394 0.030546643 0.996689677 53.387092590 0.001110951 0.999532640 -0.030549793 -4.663017750 -0.997157097 -0.001194423 -0.075341120 110.933341980
-0.082604870 0.032153700 0.996063530 54.033477783 0.000363189 0.999480247 -0.032233875 -4.692296028 -0.996582329 -0.002300916 -0.082573608 110.878730774
-0.090179078 0.031293076 0.995433688 54.747360229 -0.003579873 0.999489605 -0.031744890 -4.727452278 -0.995919228 -0.006426252 -0.090021029 110.841217041
-0.095633656 0.029864933 0.994968414 55.408828735 -0.004286891 0.999528229 -0.030413846 -4.757443428 -0.995407343 -0.007173912 -0.095460519 110.806541443
-0.101477362 0.030196121 0.994379401 56.086769104 -0.006573997 0.999497056 -0.031022416 -4.788362503 -0.994816124 -0.009685123 -0.101227827 110.758132935
-0.104887530 0.030163977 0.994026482 56.766216278 -0.009149658 0.999468327 -0.031294566 -4.809366226 -0.994441986 -0.012377412 -0.104555786 110.692611694
-0.108272664 0.027243761 0.993747711 57.462394714 -0.007542453 0.999573290 -0.028225247 -4.833131790 -0.994092643 -0.010551318 -0.108020976 110.639617920
-0.110096686 0.024281260 0.993624151 58.176940918 -0.005086801 0.999674797 -0.024992755 -4.859436035 -0.993907809 -0.007805988 -0.109937362 110.567749023
-0.111733504 0.022063881 0.993493080 58.899906158 -0.005739925 0.999722481 -0.022847772 -4.884182930 -0.993721664 -0.008255439 -0.111575872 110.509307861
-0.114234552 0.021632057 0.993218243 59.628036499 -0.006548693 0.999724746 -0.022526968 -4.906988621 -0.993432224 -0.009077638 -0.114061460 110.458221436
-0.112705037 0.025331313 0.993305564 60.327415466 -0.005114292 0.999646902 -0.026073325 -4.933592796 -0.993615329 -0.008018650 -0.112535700 110.355476379
-0.114268474 0.028959736 0.993027747 61.052257538 -0.000024827 0.999574959 -0.029153533 -4.965435028 -0.993449807 -0.003355983 -0.114219204 110.278640747
-0.115354113 0.033742648 0.992751062 61.772254944 0.006872771 0.999426067 -0.033170938 -4.999414444 -0.993300617 0.002996549 -0.115519807 110.212532043
-0.116666466 0.035182498 0.992547691 62.507625580 0.007898693 0.999373615 -0.034496024 -5.028105736 -0.993139744 0.003815302 -0.116871275 110.142105103
-0.117814928 0.032901756 0.992490292 63.270942688 0.006099250 0.999456167 -0.032408662 -5.061373711 -0.993016899 0.002235223 -0.117951520 110.078895569
-0.118065365 0.028363187 0.992600620 64.018920898 0.007254553 0.999590099 -0.027700009 -5.091505051 -0.992979348 0.003930463 -0.118222713 110.010025024
-0.118752956 0.026190091 0.992578328 64.761917114 0.008943030 0.999639690 -0.025306465 -5.128886700 -0.992883563 0.005871440 -0.118944392 109.938529968
-0.120280974 0.025647774 0.992408454 65.507308960 0.008916604 0.999653757 -0.024754325 -5.162272930 -0.992699802 0.005871439 -0.120467998 109.861930847
-0.121743880 0.026538171 0.992206693 66.210372925 0.007588464 0.999638259 -0.025805827 -5.194686890 -0.992532551 0.004387623 -0.121901177 109.782897949
-0.123793758 0.027313026 0.991931975 66.932487488 0.007302594 0.999619186 -0.026613325 -5.225500107 -0.992281079 0.003949115 -0.123946048 109.689346313
-0.125712618 0.027645618 0.991681337 67.663513184 0.008164620 0.999606609 -0.026831547 -5.257568359 -0.992033064 0.004723638 -0.125888899 109.587638855
-0.127703413 0.027708635 0.991425276 68.379440308 0.008759800 0.999602139 -0.026808834 -5.284892559 -0.991773725 0.005261108 -0.127895311 109.497978210
-0.130153939 0.027318807 0.991117358 69.122314453 0.008032005 0.999616563 -0.026498308 -5.314185619 -0.991461217 0.004511800 -0.130323485 109.411010742
-0.132094011 0.027711937 0.990849853 69.851364136 0.006183650 0.999612689 -0.027132655 -5.344717979 -0.991217852 0.002543006 -0.132214263 109.326110840
-0.133459449 0.028873658 0.990633547 70.590576172 0.006044016 0.999580562 -0.028320180 -5.379686832 -0.991035819 0.002207810 -0.133578002 109.240173340
-0.134453133 0.029300494 0.990486681 71.340293884 0.005486749 0.999569416 -0.028824385 -5.409316540 -0.990904808 0.001559022 -0.134556010 109.157714844
-0.136442468 0.029804533 0.990199566 72.107757568 0.005190925 0.999555171 -0.029370867 -5.436419010 -0.990634382 0.001132619 -0.136536509 109.073059082
-0.137411043 0.028176315 0.990113258 72.866523743 0.005787610 0.999601066 -0.027643092 -5.468796253 -0.990497231 0.001931922 -0.137519345 108.976470947
-0.138939142 0.025682688 0.989967763 73.629478455 0.004048999 0.999670088 -0.025366126 -5.501514435 -0.990292609 0.000484031 -0.138997287 108.886077881
-0.141130507 0.023663191 0.989708304 74.413978577 0.000762923 0.999716759 -0.023793701 -5.534500599 -0.989990711 -0.002602943 -0.141108617 108.801055908
-0.144335911 0.023542548 0.989248753 75.209144592 0.002324426 0.999722302 -0.023452658 -5.559639931 -0.989526033 -0.001085625 -0.144350573 108.709968567
-0.145855576 0.024393950 0.989005208 75.984222412 0.003774558 0.999702454 -0.024101144 -5.585269451 -0.989298761 0.000217773 -0.145904273 108.601860046
-0.148294136 0.024993945 0.988627374 76.795883179 0.004250716 0.999687493 -0.024635952 -5.631215096 -0.988934100 0.000549009 -0.148354053 108.506835938
-0.149665624 0.028612973 0.988322437 77.591682434 0.006160819 0.999588788 -0.028006185 -5.663143158 -0.988717496 0.001897314 -0.149780363 108.391281128
-0.150200740 0.032487877 0.988121510 78.403747559 0.008081581 0.999466896 -0.031632438 -5.695825100 -0.988622546 0.003234372 -0.150383219 108.277053833
-0.151759937 0.037156090 0.987718642 79.213500977 0.009530029 0.999301791 -0.036127578 -5.723132133 -0.988371432 0.003930271 -0.152008101 108.161514282
-0.151341721 0.037863772 0.987756014 80.014389038 0.010939561 0.999269068 -0.036628976 -5.766292572 -0.988421023 0.005262124 -0.151645303 108.027320862
-0.151261419 0.037469655 0.987783372 80.846702576 0.014298053 0.999259710 -0.035715513 -5.802705288 -0.988390446 0.008721000 -0.151685208 107.918342590
-0.151447281 0.035532799 0.987826407 81.675689697 0.014599977 0.999325097 -0.033708040 -5.847819328 -0.988357484 0.009317253 -0.151863858 107.798713684
-0.151119664 0.034027033 0.987929583 82.531341553 0.013741112 0.999383211 -0.032319605 -5.884959221 -0.988420010 0.008691125 -0.151494026 107.678672791
-0.149725944 0.031772964 0.988216877 83.406631470 0.013331811 0.999457598 -0.030114451 -5.920784950 -0.988637626 0.008665805 -0.150068283 107.563972473
-0.147575855 0.028260993 0.988646805 84.284980774 0.013514894 0.999556005 -0.026555464 -5.961139202 -0.988958359 0.009442514 -0.147892296 107.436187744
-0.145966947 0.025577571 0.988958716 85.133712769 0.014580458 0.999612808 -0.023701094 -5.990530968 -0.989181995 0.010959897 -0.146283343 107.303405762
-0.143523216 0.024537981 0.989342690 85.994911194 0.012377667 0.999659002 -0.022998229 -6.032081604 -0.989569545 0.008944977 -0.143777996 107.172256470
-0.142516911 0.028821416 0.989372611 86.858039856 0.014004123 0.999534667 -0.027100185 -6.069416046 -0.989693284 0.009993063 -0.142854199 107.065048218
-0.141242877 0.035180245 0.989349663 87.686172485 0.014504692 0.999334812 -0.033464566 -6.105582237 -0.989868760 0.009623582 -0.141659215 106.961975098
-0.139520481 0.038472816 0.989471436 88.517669678 0.012794727 0.999231696 -0.037048183 -6.145175934 -0.990136504 0.007491040 -0.139905512 106.834403992
-0.138139009 0.036002953 0.989758253 89.367980957 0.010945724 0.999333560 -0.034823574 -6.184517860 -0.990352333 0.006023127 -0.138441041 106.716445923
