1.000000000 -0.000000000 0.000000000 0.000000000 -0.000000000 1.000000000 0.000000000 -0.000000000 0.000000000 0.000000000 1.000000000 0.000000000
0.999988079 0.001562900 0.004621624 -0.053247631 -0.001555389 0.999997616 -0.001628283 -0.005395334 -0.004624158 0.001621076 0.999988019 1.201449156
0.999979496 0.001751221 0.006161306 -0.062453352 -0.001744161 0.999997854 -0.001150897 -0.023024274 -0.006163307 0.001140127 0.999980330 2.388128042
0.999971390 0.001744230 0.007364783 -0.060945868 -0.001738042 0.999998152 -0.000846509 -0.038758885 -0.007366246 0.000833684 0.999972522 3.562775373
0.999968588 0.001043019 0.007858397 -0.048235714 -0.001035536 0.999998987 -0.000956329 -0.055172365 -0.007859386 0.000948162 0.999968648 4.757711887
0.999954045 0.000546670 0.009573301 -0.063519046 -0.000540194 0.999999642 -0.000679063 -0.084818602 -0.009573669 0.000673860 0.999953926 5.870321751
0.999955177 0.001364720 0.009379441 -0.050344795 -0.001354627 0.999998510 -0.001082342 -0.107754678 -0.009380904 0.001069588 0.999955416 7.042931557
0.999936879 0.001155801 0.011171415 -0.051804990 -0.001132340 0.999997079 -0.002106189 -0.120872363 -0.011173819 0.002093406 0.999935329 8.229127884
0.999940991 0.000057210 0.010861979 -0.033305719 -0.000053564 0.999999940 -0.000336046 -0.147704497 -0.010861997 0.000335444 0.999940932 9.377943993
0.999955297 -0.000579690 0.009433346 -0.024710916 0.000574269 0.999999642 0.000577384 -0.168416500 -0.009433677 -0.000571941 0.999955356 10.569395065
0.999975443 -0.001419047 0.006858287 -0.011348858 0.001419985 0.999998987 -0.000131830 -0.179976121 -0.006858093 0.000141566 0.999976456 11.752337456
0.999985993 -0.000345406 0.005283755 -0.017317750 0.000348326 0.999999821 -0.000551767 -0.199742928 -0.005283563 0.000553600 0.999985814 12.930816650
0.999991775 -0.000515434 0.004017670 -0.028764825 0.000518789 0.999999523 -0.000833974 -0.211801559 -0.004017238 0.000836052 0.999991477 14.098715782
0.999994040 0.001016457 0.003277078 -0.038582534 -0.001012242 0.999998629 -0.001287652 -0.227157682 -0.003278382 0.001284327 0.999993801 15.269381523
0.999995887 -0.000157758 0.002843515 -0.032321516 0.000160327 0.999999523 -0.000903406 -0.257404983 -0.002843371 0.000903858 0.999995589 16.441572189
0.999996245 -0.000280792 0.002747428 -0.038857028 0.000281450 0.999999940 -0.000239071 -0.277066320 -0.002747361 0.000239843 0.999996245 17.626346588
0.999996722 -0.001505594 0.002038081 -0.051240265 0.001505475 0.999998868 0.000059953 -0.297479898 -0.002038169 -0.000056885 0.999997854 18.784694672
0.999997437 -0.001216559 0.001895739 -0.068215281 0.001218198 0.999998868 -0.000863436 -0.315466464 -0.001894687 0.000865743 0.999997795 19.965343475
0.999997377 -0.002309625 0.000069688 -0.039107170 0.002309744 0.999995828 -0.001752451 -0.335274488 -0.000065641 0.001752607 0.999998450 21.156599045
0.999998569 -0.001574126 -0.000488873 -0.051331554 0.001573541 0.999997973 -0.001196712 -0.353945285 0.000490756 0.001195941 0.999999166 22.388002396
0.999997497 -0.001928634 -0.001021130 -0.068874389 0.001927505 0.999997437 -0.001105113 -0.380051255 0.001023258 0.001103142 0.999998868 23.562555313
0.999997079 -0.001643051 -0.001732447 -0.069207013 0.001639811 0.999996901 -0.001869772 -0.396929175 0.001735515 0.001866926 0.999996781 24.743631363
0.999997735 -0.000706907 -0.001996458 -0.083906814 0.000703521 0.999998331 -0.001696041 -0.408977062 0.001997653 0.001694632 0.999996662 25.950004578
0.999992609 -0.001919303 -0.003345355 -0.096766777 0.001919545 0.999998093 0.000069293 -0.431187302 0.003345217 -0.000075714 0.999994397 27.106864929
0.999986827 -0.002279028 -0.004581993 -0.111556515 0.002281359 0.999997139 0.000503593 -0.453081250 0.004580834 -0.000514040 0.999989390 28.299627304
0.999980032 -0.003010359 -0.005550625 -0.125314400 0.003006617 0.999995172 -0.000682342 -0.468129903 0.005552653 0.000665640 0.999984324 29.503633499
0.999971032 -0.003774345 -0.006613684 -0.131026953 0.003764803 0.999991894 -0.001454715 -0.490537524 0.006619121 0.001429774 0.999977112 30.684972763
0.999968112 -0.002994480 -0.007398198 -0.151763439 0.002982384 0.999994159 -0.001645416 -0.500451922 0.007403083 0.001623299 0.999971271 31.877452850
0.999958754 -0.003378521 -0.008424725 -0.154329911 0.003370493 0.999993801 -0.000967006 -0.521921158 0.008427941 0.000938570 0.999964058 33.068115234
0.999954164 -0.004397160 -0.008507735 -0.191380233 0.004387200 0.999989688 -0.001188983 -0.531589627 0.008512878 0.001151603 0.999963105 34.267677307
0.999946117 -0.005490024 -0.008814041 -0.214992315 0.005480444 0.999984384 -0.001110704 -0.552706242 0.008820001 0.001062339 0.999960482 35.430660248
0.999941170 -0.005902475 -0.009091932 -0.237499058 0.005890341 0.999981701 -0.001360758 -0.568075359 0.009099798 0.001307123 0.999957740 36.619083405
0.999939203 -0.006283574 -0.009057534 -0.257732004 0.006272756 0.999979556 -0.001222098 -0.576429129 0.009065028 0.001165208 0.999958217 37.802814484
0.999940336 -0.006122408 -0.009040715 -0.261843592 0.006123691 0.999981225 0.000114429 -0.596764266 0.009039843 -0.000169785 0.999959111 38.984203339
0.999933839 -0.005849338 -0.009906512 -0.248909250 0.005862011 0.999981999 0.001250651 -0.622721434 0.009899020 -0.001308640 0.999950111 40.172950745
0.999942601 -0.004322502 -0.009794947 -0.250274777 0.004328423 0.999990523 0.000583401 -0.637598753 0.009792334 -0.000625764 0.999951839 41.369216919
0.999946415 -0.004130029 -0.009496078 -0.266275346 0.004136904 0.999991119 0.000704442 -0.658960819 0.009493085 -0.000743688 0.999954641 42.585418701
0.999954760 -0.002181327 -0.009262378 -0.284652829 0.002201048 0.999995232 0.002119445 -0.674304724 0.009257712 -0.002139736 0.999954879 43.797885895
0.999976695 -0.000598367 -0.006797001 -0.323981553 0.000633463 0.999986470 0.005162368 -0.677547872 0.006793823 -0.005166555 0.999963522 44.962211609
0.999987364 -0.000575667 -0.004992043 -0.335440904 0.000614967 0.999968827 0.007874633 -0.686502278 0.004987356 -0.007877605 0.999956489 46.160766602
0.999997377 -0.000463990 -0.002222583 -0.368779540 0.000489819 0.999932170 0.011635021 -0.699293017 0.002217034 -0.011636078 0.999929786 47.400299072
0.999995112 -0.002828948 -0.001313776 -0.371942163 0.002845304 0.999916315 0.012619247 -0.703346491 0.001277967 -0.012622922 0.999919534 48.590629578
0.999992609 -0.003850975 -0.000079128 -0.349762291 0.003851622 0.999929309 0.011249367 -0.701461554 0.000035801 -0.011249588 0.999936700 49.776889801
0.999997556 -0.001926441 0.001052129 -0.345233738 0.001916829 0.999957085 0.009061045 -0.692759812 -0.001069539 -0.009059006 0.999958336 50.974765778
0.999998331 -0.000753345 0.001624725 -0.357475191 0.000738991 0.999960899 0.008816839 -0.703633666 -0.001631303 -0.008815624 0.999959767 52.134208679
0.999997437 -0.000903657 0.002069624 -0.365981489 0.000885979 0.999963343 0.008526812 -0.710997224 -0.002077254 -0.008524958 0.999961495 53.325035095
0.999995768 -0.002560616 0.001396044 -0.377356291 0.002548923 0.999962151 0.008313641 -0.733449519 -0.001417279 -0.008310045 0.999964416 54.477272034
0.999997258 -0.002286566 -0.000619598 -0.379675329 0.002291391 0.999966204 0.007902008 -0.725052476 0.000601509 -0.007903405 0.999968588 55.687480927
0.999996424 -0.001779412 -0.001952332 -0.400741786 0.001798576 0.999949753 0.009857758 -0.740595698 0.001934693 -0.009861236 0.999949455 56.870071411
0.999993026 -0.002125596 -0.003044058 -0.408792019 0.002155929 0.999947727 0.009996164 -0.741621912 0.003022651 -0.010002657 0.999945402 58.067871094
0.999996841 -0.000189433 -0.002509119 -0.438556343 0.000213220 0.999954998 0.009483368 -0.741021216 0.002507210 -0.009483870 0.999951899 59.249401093
0.999990344 -0.000361023 -0.004374948 -0.424946487 0.000401860 0.999956250 0.009336982 -0.749900460 0.004371386 -0.009338649 0.999946833 60.465530396
0.999995589 -0.000591672 -0.002869135 -0.462036580 0.000615850 0.999964237 0.008433495 -0.754438519 0.002864041 -0.008435226 0.999960244 61.625591278
0.999993682 -0.003009399 -0.001855551 -0.482374310 0.003023273 0.999967217 0.007519899 -0.762773454 0.001832859 -0.007525462 0.999969959 62.840461731
0.999994218 -0.002367655 -0.002439871 -0.497312367 0.002388672 0.999959767 0.008647276 -0.778215051 0.002419299 -0.008653055 0.999959588 64.011955261
0.999991953 -0.002652024 -0.003000289 -0.494459927 0.002682505 0.999944389 0.010201414 -0.785151362 0.002973068 -0.010209379 0.999943435 65.214393616
0.999991059 -0.002612644 -0.003325275 -0.503899693 0.002641282 0.999959230 0.008637244 -0.796313345 0.003302574 -0.008645951 0.999957085 66.431724548
0.999994755 0.000274928 -0.003219277 -0.526622593 -0.000253474 0.999977767 0.006662731 -0.780705690 0.003221037 -0.006661880 0.999972582 67.596817017
0.999990821 0.001593859 -0.003985662 -0.519541144 -0.001564195 0.999971151 0.007434724 -0.798424661 0.003997397 -0.007428419 0.999964416 68.806953430
0.999988914 0.003665884 -0.002991103 -0.547134101 -0.003643726 0.999966145 0.007380148 -0.806927502 0.003018055 -0.007369167 0.999968290 69.961997986
0.999983370 0.004675462 -0.003376578 -0.549000919 -0.004649109 0.999958992 0.007771032 -0.815040469 0.003412772 -0.007755207 0.999964058 71.183906555
0.999984980 0.005154394 -0.001890127 -0.586288154 -0.005136931 0.999945283 0.009130222 -0.825018764 0.001937084 -0.009120375 0.999956548 72.276046753
0.999981225 0.006124524 -0.000155217 -0.590471625 -0.006122714 0.999933481 0.009776442 -0.835526526 0.000215081 -0.009775308 0.999952197 73.452705383
0.999972463 0.006052463 0.004289108 -0.626241207 -0.006084783 0.999952853 0.007562845 -0.834843934 -0.004243134 -0.007588733 0.999962211 74.606277466
0.999974012 0.003515093 0.006290997 -0.611618996 -0.003528401 0.999991596 0.002105626 -0.841406345 -0.006283543 -0.002127768 0.999977946 75.779464722
0.999954224 0.004417517 0.008479633 -0.581588447 -0.004433678 0.999988317 0.001887944 -0.855615079 -0.008471195 -0.001925453 0.999962270 76.991500854
0.999934435 0.002724446 0.011129595 -0.556581616 -0.002789371 0.999979138 0.005822149 -0.875992537 -0.011113503 -0.005852813 0.999921083 78.178779602
0.999878168 0.003808362 0.015137229 -0.561668873 -0.003910959 0.999969542 0.006753969 -0.886503875 -0.015111046 -0.006812348 0.999862611 79.320137024
0.999804080 0.004087715 0.019367002 -0.546835542 -0.004185952 0.999978662 0.005034559 -0.901871622 -0.019346006 -0.005114642 0.999799788 80.484191895
0.999730766 0.003522311 0.022934653 -0.532604098 -0.003571224 0.999991477 0.002092127 -0.920145810 -0.022927091 -0.002173469 0.999734759 81.610076904
0.999650955 0.002199527 0.026328247 -0.502898216 -0.002162232 0.999996662 -0.001444919 -0.935377121 -0.026331333 0.001387487 0.999652267 82.715278625
0.999551892 0.001039808 0.029917130 -0.486637115 -0.000972053 0.999996901 -0.002279201 -0.958426118 -0.029919414 0.002249099 0.999549687 83.857185364
0.999425173 0.000862821 0.033890057 -0.457976818 -0.000862102 0.999999583 -0.000035839 -0.984407365 -0.033890069 0.000006602 0.999425590 85.007858276
0.999277115 0.001418627 0.037988115 -0.417481661 -0.001428732 0.999998868 0.000238876 -1.002508044 -0.037987720 -0.000292978 0.999278247 86.184585571
0.999104023 0.001667252 0.042288680 -0.396106958 -0.001582208 0.999996662 -0.002044432 -1.022027731 -0.042291947 0.001975691 0.999103367 87.306823730
0.998944879 0.001828627 0.045888174 -0.352649212 -0.001639438 0.999990046 -0.004160127 -1.043663263 -0.045895323 0.004080506 0.998937905 88.433555603
0.998775363 0.001795491 0.049442384 -0.306253433 -0.001555990 0.999986827 -0.004882116 -1.055691361 -0.049450494 0.004799205 0.998765051 89.614295959
0.998626232 0.000622714 0.052395552 -0.249980927 -0.000426986 0.999992907 -0.003746715 -1.070305705 -0.052397519 0.003719195 0.998619378 90.802139282
0.998476684 0.000104213 0.055175763 -0.186713219 0.000037647 0.999996722 -0.002570016 -1.087697864 -0.055175845 0.002568178 0.998473346 91.957443237
0.998290241 -0.000265925 0.058450833 -0.140295029 0.000307188 0.999999702 -0.000696955 -1.104138494 -0.058450624 0.000713719 0.998290002 93.127265930
0.998165429 -0.001853950 0.060517114 -0.055153847 0.001837748 0.999998271 0.000323364 -1.124268413 -0.060517598 -0.000211556 0.998167098 94.287406921
0.998017669 -0.002464213 0.062884897 0.025605679 0.002605709 0.999994278 -0.002168177 -1.132829189 -0.062879190 0.002327739 0.998018384 95.459838867
0.997856915 -0.003891942 0.065317892 0.101019859 0.004277714 0.999974191 -0.005767234 -1.150508404 -0.065293759 0.006034286 0.997847795 96.618072510
0.997760117 -0.003407740 0.066807322 0.188845158 0.003989769 0.999955237 -0.008580591 -1.174246192 -0.066775084 0.008827916 0.997729003 97.748199463
0.997653484 -0.002880849 0.068403304 0.270937443 0.003523898 0.999950707 -0.009282039 -1.200214386 -0.068373181 0.009501305 0.997614563 98.911270142
0.997628570 -0.002759813 0.068772435 0.353182316 0.003391086 0.999953151 -0.009064103 -1.215305209 -0.068744197 0.009275822 0.997591197 100.087615967
0.997676969 -0.003102771 0.068049997 0.416348934 0.003580451 0.999969721 -0.006898704 -1.250899315 -0.068026528 0.007126329 0.997658074 101.231765747
0.997775674 -0.003803567 0.066550702 0.484843731 0.004181312 0.999975860 -0.005537672 -1.271050692 -0.066528030 0.005803626 0.997767687 102.379173279
0.997822881 -0.003581049 0.065853328 0.518993855 0.003877552 0.999982893 -0.004375214 -1.303555131 -0.065836549 0.004621040 0.997819662 103.510620117
0.997987151 -0.003660315 0.063311249 0.583453655 0.003901088 0.999985576 -0.003679816 -1.332864881 -0.063296869 0.003919392 0.997987032 104.663528442
0.998185754 -0.002788721 0.060143527 0.650378227 0.003023580 0.999988139 -0.003814301 -1.349966407 -0.060132179 0.003989230 0.998182416 105.831123352
0.998335063 -0.000740305 0.057676636 0.698207378 0.000976190 0.999991238 -0.004061720 -1.374619603 -0.057673126 0.004111261 0.998327017 107.035087585
0.998538554 -0.000965136 0.054034073 0.726598263 0.001176057 0.999991834 -0.003871825 -1.391896248 -0.054029897 0.003929714 0.998531520 108.227783203
0.998724997 -0.000290655 0.050481051 0.767727375 0.000437190 0.999995708 -0.002891761 -1.413572192 -0.050479993 0.002910144 0.998720884 109.427841187
0.998907983 -0.000081188 0.046720207 0.790434837 0.000182819 0.999997556 -0.002171040 -1.430710912 -0.046719924 0.002177211 0.998905659 110.631614685
0.999083877 -0.000080101 0.042794693 0.823059082 0.000136852 0.999999106 -0.001323193 -1.455977440 -0.042794548 0.001327837 0.999083042 111.813941956
0.999301672 0.000495974 0.037362318 0.887377501 -0.000446465 0.999999046 -0.001333450 -1.475684762 -0.037362944 0.001315838 0.999300897 113.026008606
0.999491394 0.001599201 0.031849019 0.940130472 -0.001550611 0.999997556 -0.001550270 -1.491969943 -0.031851418 0.001500096 0.999491394 114.231994629
0.999621987 0.001959887 0.027421823 0.956864357 -0.001909155 0.999996364 -0.001876138 -1.510988593 -0.027425399 0.001823076 0.999622166 115.467338562
0.999747574 0.003327648 0.022220939 0.994655728 -0.003263628 0.999990404 -0.002916713 -1.521710634 -0.022230431 0.002843455 0.999748826 116.710418701
0.999815464 0.005481564 0.018408960 1.016819000 -0.005425223 0.999980450 -0.003109046 -1.534581542 -0.018425643 0.003008600 0.999825656 117.959587097
0.999829412 0.007587887 0.016841464 1.009134889 -0.007535556 0.999966621 -0.003168632 -1.550646901 -0.016864942 0.003041182 0.999853134 119.209053040
0.999833107 0.008905856 0.015949285 1.030561209 -0.008853707 0.999955237 -0.003337271 -1.572729945 -0.015978292 0.003195505 0.999867201 120.450805664
0.999834180 0.010945414 0.014551701 1.033561468 -0.010899897 0.999935508 -0.003203410 -1.591009498 -0.014585823 0.003044267 0.999889016 121.679763794
0.999822676 0.012338116 0.014227149 1.017492056 -0.012307163 0.999921679 -0.002261151 -1.615471005 -0.014253934 0.002085654 0.999896228 122.924430847
0.999831259 0.012248151 0.013689280 1.023594618 -0.012222266 0.999923289 -0.001973058 -1.636386156 -0.013712399 0.001805411 0.999904275 124.185920715
0.999802232 0.015767990 0.012118580 1.042975664 -0.015764695 0.999875724 -0.000367356 -1.639030933 -0.012122866 0.000176237 0.999926507 125.436889648
0.999789357 0.017128224 0.011302204 1.034384131 -0.017167531 0.999846876 0.003390027 -1.671908617 -0.011242408 -0.003583344 0.999930382 126.698532104
0.999813914 0.015775289 0.011089668 1.040515304 -0.015802918 0.999872208 0.002408445 -1.677332282 -0.011050258 -0.002583246 0.999935567 127.963592529
0.999838769 0.015013512 0.009849989 1.040613890 -0.015025198 0.999886513 0.001113423 -1.696035624 -0.009832155 -0.001261241 0.999950886 129.219314575
0.999872088 0.012538249 0.009938404 1.032752872 -0.012560416 0.999918699 0.002170991 -1.711856365 -0.009910377 -0.002295543 0.999948323 130.453903198
0.999910533 0.010178559 0.008672007 1.021431804 -0.010215501 0.999938905 0.004226339 -1.731870651 -0.008628460 -0.004314549 0.999953389 131.670349121
0.999949515 0.006430157 0.007721586 1.035909772 -0.006474409 0.999962687 0.005719505 -1.737326503 -0.007684520 -0.005769208 0.999953806 132.924331665
0.999959588 0.004519188 0.007765014 1.029349208 -0.004574806 0.999963820 0.007159939 -1.751864552 -0.007732376 -0.007195173 0.999944150 134.137527466
0.999971628 0.000837734 0.007477065 1.054728985 -0.000876006 0.999986470 0.005116924 -1.756295562 -0.007472678 -0.005123330 0.999958932 135.392395020
0.999968350 -0.001082451 0.007885841 1.063533545 0.001048742 0.999990344 0.004277562 -1.770996809 -0.007890394 -0.004269156 0.999959767 136.641677856
0.999960661 -0.002420454 0.008535805 1.057041407 0.002384550 0.999988317 0.004214036 -1.785685182 -0.008545904 -0.004193517 0.999954641 137.927505493
0.999955356 -0.003457603 0.008784785 1.060392857 0.003421242 0.999985456 0.004150535 -1.792730212 -0.008799009 -0.004120296 0.999952793 139.198379517
0.999951601 -0.002665983 0.009469086 1.059723377 0.002605959 0.999976456 0.006345646 -1.810826778 -0.009485781 -0.006320660 0.999935031 140.435287476
0.999943852 0.000108077 0.010602160 1.053804040 -0.000192566 0.999968231 0.007968299 -1.832107663 -0.010600963 -0.007969890 0.999912024 141.702438354
0.999932110 0.000363169 0.011641153 1.048699141 -0.000436999 0.999979794 0.006340309 -1.844508648 -0.011638614 -0.006344966 0.999912143 142.974594116
0.999925673 0.001133139 0.012133468 1.051252961 -0.001186641 0.999989629 0.004403200 -1.855581284 -0.012128352 -0.004417271 0.999916732 144.243423462
0.999910831 0.001231229 0.013292211 1.043137431 -0.001257031 0.999997318 0.001932990 -1.874969721 -0.013289796 -0.001949527 0.999909699 145.501312256
0.999910235 -0.000280391 0.013393794 1.061880827 0.000312902 0.999996901 -0.002425256 -1.893089175 -0.013393074 0.002429229 0.999907374 146.799148560
0.999901175 0.000506507 0.014050304 1.059327602 -0.000419192 0.999980628 -0.006216690 -1.914582253 -0.014053181 0.006210186 0.999881923 148.059799194
0.999899030 0.000421359 0.014205984 1.066038370 -0.000325011 0.999976933 -0.006783934 -1.950073719 -0.014208515 0.006778631 0.999876082 149.323425293
0.999895632 0.000695823 0.014431382 1.070651889 -0.000604593 0.999979794 -0.006325094 -1.984217763 -0.014435492 0.006315709 0.999875903 150.569015503
0.999895513 0.000724482 0.014448936 1.070200086 -0.000635852 0.999980986 -0.006137627 -2.005275488 -0.014453110 0.006127797 0.999876797 151.860855103
0.999898493 0.001006560 0.014208777 1.081331015 -0.000933281 0.999986231 -0.005163033 -2.030075073 -0.014213778 0.005149249 0.999885738 153.144180298
0.999899924 0.001719209 0.014036537 1.081512332 -0.001657900 0.999989152 -0.004378231 -2.060605526 -0.014043909 0.004354523 0.999891877 154.401092529
0.999910414 0.001381739 0.013307432 1.088633299 -0.001315874 0.999986827 -0.004956902 -2.085015774 -0.013314105 0.004938948 0.999899149 155.643447876
0.999918282 0.002051040 0.012619910 1.096335769 -0.001991233 0.999986768 -0.004749762 -2.111037731 -0.012629484 0.004724245 0.999909103 156.884994507
0.999924839 0.001503057 0.012171240 1.101047993 -0.001463297 0.999993622 -0.003275041 -2.139911652 -0.012176084 0.003256985 0.999920607 158.127014160
0.999930978 0.002758861 0.011417553 1.140646696 -0.002725087 0.999991834 -0.002972536 -2.169336796 -0.011425661 0.002941217 0.999930382 159.346481323
0.999942780 0.003225025 0.010205257 1.155590773 -0.003187444 0.999988079 -0.003696684 -2.194038868 -0.010217058 0.003663943 0.999941111 160.589050293
0.999944925 0.003554597 0.009872482 1.155174017 -0.003504713 0.999980986 -0.005065534 -2.214041233 -0.009890300 0.005030655 0.999938428 161.836791992
0.999949992 0.003552515 0.009353421 1.163878918 -0.003504976 0.999980867 -0.005094047 -2.240876198 -0.009371337 0.005061008 0.999943316 163.061935425
0.999959767 0.004179188 0.007938652 1.174058795 -0.004134404 0.999975502 -0.005649217 -2.270707369 -0.007962068 0.005616168 0.999952555 164.292007446
0.999964237 0.004685842 0.007031834 1.176491976 -0.004639016 0.999967158 -0.006660643 -2.301876068 -0.007062812 0.006627785 0.999953091 165.564987183
0.999961793 0.005507947 0.006782725 1.173548341 -0.005465080 0.999965131 -0.006322285 -2.326012850 -0.006817311 0.006284977 0.999956965 166.839385986
0.999972105 0.005612640 0.004909578 1.200825453 -0.005587529 0.999971330 -0.005113429 -2.350915670 -0.004938134 0.005085855 0.999974906 168.116683960
0.999974608 0.005320271 0.004744470 1.202612519 -0.005295534 0.999972403 -0.005211302 -2.370983601 -0.004772063 0.005186045 0.999975204 169.415649414
0.999979258 0.005020582 0.004038711 1.170857787 -0.005003278 0.999978304 -0.004283215 -2.413808823 -0.004060128 0.004262920 0.999982655 170.600616455
0.999978960 0.004967698 0.004171927 1.146839261 -0.004950522 0.999979198 -0.004117785 -2.437906265 -0.004192298 0.004097044 0.999982774 171.858505249
0.999974668 0.005516798 0.004488285 1.109849095 -0.005495413 0.999973476 -0.004763152 -2.464889050 -0.004514444 0.004738367 0.999978542 173.061264038
0.999975204 0.006045192 0.003599221 1.110102415 -0.006026075 0.999967813 -0.005298811 -2.491986275 -0.003631138 0.005276992 0.999979496 174.331741333
0.999973595 0.006218764 0.003760398 1.080230236 -0.006199537 0.999967754 -0.005103473 -2.516136169 -0.003792017 0.005080026 0.999979794 175.603271484
0.999975145 0.005826431 0.003962104 1.068114042 -0.005801714 0.999963760 -0.006221598 -2.547008514 -0.003998212 0.006198457 0.999972761 176.859222412
0.999983668 0.004364975 0.003671985 1.058651090 -0.004337215 0.999962211 -0.007534049 -2.581868172 -0.003704732 0.007518001 0.999964774 178.102539062
0.999992669 0.001722655 0.003390372 1.062165380 -0.001697805 0.999971747 -0.007318554 -2.608040810 -0.003402884 0.007312745 0.999967396 179.356781006
0.999991655 0.001513169 0.003793576 1.028290987 -0.001499639 0.999992430 -0.003566868 -2.641262054 -0.003798945 0.003561149 0.999986410 180.604827881
0.999994516 -0.000041126 0.003288253 1.040028214 0.000038712 0.999999702 0.000734267 -2.665071726 -0.003288282 -0.000734136 0.999994338 181.880920410
0.999987364 0.002835177 0.004132898 1.001248360 -0.002836564 0.999995887 0.000329897 -2.691952705 -0.004131944 -0.000341616 0.999991357 183.118087769
0.999980152 0.003923384 0.004908563 0.988049865 -0.003909905 0.999988556 -0.002752461 -2.715421200 -0.004919308 0.002733215 0.999984145 184.363616943
0.999980628 0.004392725 0.004387433 0.994063318 -0.004373275 0.999980569 -0.004432999 -2.736714363 -0.004406821 0.004413726 0.999980509 185.598663330
0.999984562 0.003952337 0.003892241 1.002379656 -0.003936714 0.999984145 -0.004013593 -2.762811184 -0.003908042 0.003998209 0.999984264 186.835494995
0.999982417 0.003938056 0.004430308 0.983753800 -0.003925400 0.999988139 -0.002861834 -2.787834167 -0.004441526 0.002844393 0.999986112 188.050094604
0.999981284 0.003675302 0.004900788 0.971978962 -0.003671725 0.999993026 -0.000738928 -2.811634064 -0.004903467 0.000720920 0.999987721 189.282058716
0.999980569 0.003422626 0.005211824 0.979420602 -0.003423286 0.999994099 0.000117599 -2.836666584 -0.005211391 -0.000135439 0.999986470 190.456970215
0.999968290 0.003543664 0.007128440 0.944759250 -0.003537537 0.999993384 -0.000871935 -2.848609686 -0.007131483 0.000846691 0.999974132 191.772644043
0.999961257 0.002085931 0.008554133 0.941603661 -0.002065089 0.999994814 -0.002444668 -2.871275425 -0.008559189 0.002426908 0.999960423 193.008117676
0.999946237 0.001762649 0.010225346 0.941843987 -0.001724263 0.999991477 -0.003761669 -2.900227547 -0.010231889 0.003743835 0.999940574 194.218734741
0.999937236 0.000981738 0.011150903 0.958984733 -0.000932521 0.999989748 -0.004418114 -2.922127008 -0.011155127 0.004407439 0.999927998 195.454101562
0.999918342 0.001955090 0.012634174 0.967298269 -0.001908979 0.999991477 -0.003660729 -2.949692249 -0.012641223 0.003636312 0.999913514 196.684463501
0.999903858 0.001061108 0.013823374 0.993534923 -0.001037821 0.999998033 -0.001691732 -2.973627567 -0.013825142 0.001677223 0.999903023 197.885375977
0.999891222 0.002812698 0.014479167 1.022043824 -0.002788963 0.999994755 -0.001659203 -2.988439083 -0.014483756 0.001618640 0.999893785 199.112503052
0.999879241 0.002337104 0.015360327 1.043025017 -0.002314677 0.999996185 -0.001477672 -3.013305902 -0.015363723 0.001441939 0.999880850 200.303543091
0.999860466 0.002086502 0.016575204 1.054397821 -0.002069279 0.999997377 -0.001056176 -3.044446230 -0.016577361 0.001021730 0.999862075 201.480224609
0.999858320 0.002500372 0.016645659 1.104519129 -0.002485389 0.999996483 -0.000920750 -3.058014870 -0.016647903 0.000879248 0.999861002 202.662063599
0.999859154 0.002753813 0.016553693 1.134463310 -0.002739937 0.999995887 -0.000860824 -3.085494995 -0.016555995 0.000815347 0.999862611 203.829437256
0.999843538 0.002719521 0.017477380 1.153499603 -0.002706817 0.999996066 -0.000750458 -3.113425493 -0.017479353 0.000703033 0.999846935 205.006729126
0.999848366 0.002247498 0.017268652 1.191320896 -0.002232502 0.999997079 -0.000887617 -3.133666754 -0.017270599 0.000848930 0.999850452 206.148803711
0.999852955 0.001382686 0.017090702 1.192790747 -0.001383962 0.999999046 0.000062802 -3.157476902 -0.017090600 -0.000086445 0.999853909 207.295303345
0.999865353 0.000069579 0.016407417 1.213355303 -0.000089833 0.999999225 0.001233694 -3.179474592 -0.016407320 -0.001235001 0.999864638 208.428207397
0.999861956 0.000256333 0.016614936 1.190604925 -0.000273534 0.999999464 0.001033008 -3.198006630 -0.016614662 -0.001037410 0.999861419 209.509979248
0.999885321 0.000881533 0.015115000 1.216722965 -0.000878020 0.999999583 -0.000239120 -3.214707613 -0.015115203 0.000225821 0.999885738 210.613708496
0.999879420 0.001159932 0.015481512 1.202830791 -0.001145616 0.999998868 -0.000933562 -3.236479759 -0.015482577 0.000915713 0.999879718 211.662475586
0.999898136 0.000512869 0.014260400 1.224164248 -0.000493828 0.999998987 -0.001338756 -3.255504370 -0.014261071 0.001331577 0.999897480 212.706253052
0.999909043 0.000279934 0.013492178 1.222923636 -0.000268124 0.999999583 -0.000877092 -3.287205458 -0.013492419 0.000873394 0.999908566 213.747009277
0.999927282 -0.001174521 0.012004413 1.225706339 0.001177674 0.999999344 -0.000255576 -3.307525396 -0.012004104 0.000269694 0.999927938 214.789123535
0.999936759 -0.002321466 0.011002934 1.194874525 0.002301029 0.999995649 0.001869728 -3.338631153 -0.011007225 -0.001844291 0.999937713 215.792373657
0.999957263 -0.002011623 0.009026258 1.196031809 0.001978430 0.999991357 0.003684650 -3.361357212 -0.009033592 -0.003666634 0.999952435 216.797988892
0.999969542 -0.001493966 0.007662076 1.165987492 0.001467525 0.999992967 0.003455363 -3.367656946 -0.007667185 -0.003444014 0.999964654 217.816055298
0.999988496 -0.001756045 0.004468379 1.176770926 0.001742639 0.999994040 0.003002328 -3.388600349 -0.004473626 -0.002994506 0.999985516 218.810501099
0.999998152 -0.000900841 0.001694575 1.185258865 0.000894996 0.999993622 0.003446940 -3.405012131 -0.001697670 -0.003445416 0.999992609 219.767807007
0.999998152 -0.000771581 -0.001722745 1.190109491 0.000777865 0.999993026 0.003650098 -3.417454004 0.001719918 -0.003651431 0.999991834 220.722473145
0.999990702 0.000438075 -0.004300041 1.177513480 -0.000425031 0.999995351 0.003033910 -3.426919937 0.004301349 -0.003032053 0.999986291 221.651489258
0.999975741 0.000393589 -0.006954555 1.162322521 -0.000376227 0.999996841 0.002497483 -3.441522360 0.006955519 -0.002494807 0.999972761 222.569107056
0.999949396 -0.000062608 -0.010072621 1.145108700 0.000081684 0.999998271 0.001893456 -3.460061789 0.010072486 -0.001894182 0.999947608 223.457107544
0.999897242 0.001793949 -0.014217308 1.143418550 -0.001774869 0.999997497 0.001354492 -3.471546412 0.014219709 -0.001329120 0.999898016 224.294601440
0.999850214 0.002586725 -0.017109355 1.125664473 -0.002574614 0.999996424 0.000729821 -3.485267401 0.017111180 -0.000685661 0.999853313 225.142623901
0.999786615 0.003492240 -0.020357419 1.122870922 -0.003493594 0.999993920 -0.000030957 -3.497826576 0.020357184 0.000102071 0.999792814 225.996810913
0.999774456 0.004478253 -0.020760696 1.104254723 -0.004482022 0.999990046 -0.000135030 -3.498423100 0.020759890 0.000228049 0.999784470 226.814758301
0.999793887 0.004809422 -0.019723173 1.078456402 -0.004789959 0.999988019 0.001033949 -3.513273478 0.019727910 -0.000939263 0.999804974 227.600479126
0.999786019 0.003843021 -0.020323858 1.072728157 -0.003818446 0.999991894 0.001247816 -3.527485371 0.020328496 -0.001169943 0.999792635 228.366119385
0.999796450 0.003998915 -0.019774383 1.054827213 -0.003985525 0.999991775 0.000716476 -3.541002274 0.019777087 -0.000637519 0.999804258 229.117370605
0.999800682 0.004960928 -0.019338662 1.041345596 -0.004989437 0.999986529 -0.001426235 -3.549470901 0.019331332 0.001522439 0.999811947 229.890228271
0.999815464 0.004751974 -0.018609755 1.032186031 -0.004819622 0.999981940 -0.003591960 -3.561743736 0.018592352 0.003680990 0.999820411 230.624343872
0.999833047 0.005317766 -0.017477779 1.007081509 -0.005402295 0.999973834 -0.004792773 -3.581599951 0.017451838 0.004886393 0.999835730 231.329833984
0.999860883 0.006336487 -0.015425669 0.981388330 -0.006414049 0.999966979 -0.004983892 -3.597464561 0.015393581 0.005082140 0.999868572 232.057022095
0.999904335 0.005753333 -0.012569611 0.944474697 -0.005818938 0.999969542 -0.005189021 -3.618269920 0.012539374 0.005261666 0.999907494 232.753128052
0.999923050 0.005800271 -0.010962056 0.944352150 -0.005857052 0.999969542 -0.005154685 -3.631945133 0.010931825 0.005218494 0.999926567 233.471939087
0.999941528 0.005332162 -0.009406217 0.954811335 -0.005381845 0.999971628 -0.005264550 -3.649887562 0.009377875 0.005314864 0.999941885 234.181976318
0.999944866 0.005201292 -0.009120690 0.980404854 -0.005254430 0.999969304 -0.005811864 -3.663138866 0.009090181 0.005859468 0.999941468 234.902008057
0.999976337 0.005377651 -0.004321328 0.940282702 -0.005402038 0.999969363 -0.005651211 -3.675837040 0.004290802 0.005674420 0.999974728 235.585235596
0.999989569 0.004477113 -0.000898671 0.935087800 -0.004480712 0.999981761 -0.004041979 -3.700548410 0.000880557 0.004045963 0.999991477 236.273559570
0.999991536 0.003440093 0.002254193 0.931664228 -0.003431842 0.999987304 -0.003654626 -3.720419168 -0.002266736 0.003646859 0.999990761 236.966262817
0.999981582 0.003313489 0.005077870 0.944186330 -0.003291347 0.999985099 -0.004362453 -3.728749990 -0.005092246 0.004345660 0.999977589 237.639083862
0.999972761 0.002697850 0.006858322 0.965953469 -0.002664534 0.999984682 -0.004862257 -3.742177963 -0.006871335 0.004843851 0.999964654 238.333404541
0.999933779 0.003122753 0.011076274 0.962311625 -0.003066305 0.999982238 -0.005109530 -3.759056807 -0.011092035 0.005075229 0.999925494 239.020339966
0.999894440 0.004034839 0.013954403 0.969507217 -0.003947961 0.999972701 -0.006247689 -3.766867876 -0.013979232 0.006191938 0.999883056 239.706710815
0.999842823 0.003882205 0.017299809 0.982461691 -0.003766506 0.999970436 -0.006715387 -3.788600445 -0.017325368 0.006649172 0.999827802 240.374786377
0.999782562 0.004682639 0.020320710 0.991371155 -0.004555876 0.999969900 -0.006279919 -3.798009396 -0.020349506 0.006185975 0.999773800 241.071472168
0.999734938 0.004426624 0.022589790 1.010994434 -0.004315411 0.999978364 -0.004969509 -3.818521023 -0.022611298 0.004870708 0.999732375 241.761260986
0.999670565 0.004658354 0.025237136 1.030457973 -0.004517343 0.999973893 -0.005641603 -3.829730511 -0.025262758 0.005525740 0.999665499 242.463226318
0.999615371 0.005038547 0.027270872 1.053122997 -0.004844320 0.999962449 -0.007183564 -3.847923279 -0.027306043 0.007048692 0.999602258 243.160781860
0.999574065 0.005950991 0.028570980 1.087884426 -0.005683247 0.999939322 -0.009443350 -3.861581326 -0.028625445 0.009276952 0.999547124 243.883895874
0.999550581 0.004316876 0.029663548 1.114529133 -0.003989852 0.999930620 -0.011074786 -3.878673077 -0.029709304 0.010951456 0.999498487 244.584243774
0.999577701 0.004135000 0.028762301 1.150277138 -0.003810038 0.999928355 -0.011343815 -3.895228863 -0.028807150 0.011229439 0.999521852 245.306106567
0.999559939 0.003320142 0.029476011 1.158514500 -0.002959164 0.999920189 -0.012281706 -3.909092903 -0.029514436 0.012189076 0.999490082 246.005065918
0.999532402 0.004500192 0.030242829 1.172431946 -0.004127792 0.999915004 -0.012364833 -3.931937456 -0.030295903 0.012234215 0.999466062 246.701690674
0.999517918 0.005323438 0.030585572 1.198756218 -0.004931995 0.999905109 -0.012859536 -3.947962284 -0.030651126 0.012702490 0.999449432 247.428192139
0.999510646 0.003973167 0.031027632 1.219681740 -0.003523489 0.999888122 -0.014534067 -3.969697475 -0.031081909 0.014417630 0.999412835 248.161270142
0.999509513 0.001180892 0.031295504 1.250347137 -0.000653573 0.999857724 -0.016854588 -3.987514734 -0.031310961 0.016825868 0.999368012 248.902603149
0.999494672 -0.001861064 0.031732049 1.277214050 0.002421936 0.999841273 -0.017646024 -4.007153988 -0.031694170 0.017713960 0.999340653 249.648147583
0.999475837 -0.000167426 0.032371577 1.287298679 0.000606887 0.999907792 -0.013566161 -4.025603294 -0.032366324 0.013578696 0.999383748 250.416229248
0.999442577 0.002897163 0.033256114 1.293858528 -0.002648692 0.999968171 -0.007513076 -4.044292927 -0.033276830 0.007420802 0.999418557 251.181182861
0.999375939 0.002032165 0.035263561 1.307049751 -0.001900980 0.999991179 -0.003753293 -4.065214634 -0.035270870 0.003683915 0.999370992 251.976837158
0.999293983 0.000997186 0.037559103 1.337396622 -0.000774741 0.999982059 -0.005936658 -4.080345154 -0.037564356 0.005903367 0.999276698 252.758911133
0.999107003 0.002658983 0.042168595 1.356910706 -0.002123663 0.999916613 -0.012734469 -4.083367348 -0.042198941 0.012633544 0.999029398 253.551239014
0.998948514 0.004976660 0.045575570 1.373909950 -0.004237260 0.999858081 -0.016305892 -4.104145050 -0.045650251 0.016095631 0.998827815 254.362350464
0.998802125 0.006838222 0.048451096 1.421182632 -0.006084480 0.999858379 -0.015687197 -4.124090672 -0.048551504 0.015373607 0.998702407 255.181762695
0.998625159 0.005249781 0.052155785 1.441581726 -0.004521452 0.999890745 -0.014072696 -4.137602806 -0.052223966 0.013817530 0.998539805 255.992599487
0.998463869 0.001763738 0.055378970 1.488549232 -0.001130790 0.999933660 -0.011458674 -4.153934479 -0.055395510 0.011378450 0.998399675 256.833862305
0.998279035 -0.000241540 0.058641981 1.518869400 0.000798474 0.999954820 -0.009473939 -4.176229954 -0.058637034 0.009504459 0.998234093 257.652984619
0.998139501 0.000509815 0.060970787 1.577365875 0.000061434 0.999956131 -0.009366995 -4.189848900 -0.060972892 0.009353312 0.998095572 258.493743896
0.997952700 0.001612024 0.063936166 1.615969658 -0.000935271 0.999943256 -0.010613348 -4.223087311 -0.063949652 0.010531823 0.997897506 259.325500488
0.997809589 0.002578686 0.066100121 1.661681175 -0.001727456 0.999914885 -0.012931814 -4.239414215 -0.066127837 0.012789303 0.997729182 260.148406982
0.997666657 0.002452213 0.068228394 1.726684570 -0.001588834 0.999918044 -0.012705624 -4.264071465 -0.068253957 0.012567574 0.997588754 260.983154297
0.997488022 0.003246751 0.070760302 1.792980194 -0.002489778 0.999938786 -0.010783277 -4.285837173 -0.070790984 0.010580013 0.997434974 261.840576172
0.997322202 0.004561637 0.072989061 1.866456985 -0.003874267 0.999946833 -0.009556240 -4.302541256 -0.073028766 0.009247873 0.997286916 262.682891846
0.997067690 0.005783256 0.076306351 1.911420822 -0.005067936 0.999941409 -0.009564630 -4.317315102 -0.076357193 0.009149867 0.997038543 263.513000488
0.996866882 0.005196779 0.078926630 1.975769043 -0.004418980 0.999939978 -0.010026178 -4.335975647 -0.078973994 0.009645990 0.996829927 264.346832275
0.996699810 0.003222009 0.081110932 2.042293549 -0.002385188 0.999942958 -0.010411760 -4.353281975 -0.081139848 0.010183935 0.996650696 265.197235107
0.996499836 0.000673422 0.083591662 2.100254059 0.000158463 0.999950588 -0.009944739 -4.368380070 -0.083594218 0.009923177 0.996450484 266.031677246
0.996440947 -0.001168630 0.084285349 2.171392441 0.002006058 0.999949455 -0.009851621 -4.390856743 -0.084269576 0.009985639 0.996393085 266.874145508
0.996367693 -0.001732427 0.085137501 2.237287521 0.002568545 0.999949574 -0.009712238 -4.411745548 -0.085116394 0.009895640 0.996321917 267.725585938
0.996348679 -0.002366021 0.085343666 2.318099976 0.003185778 0.999950051 -0.009470456 -4.435448170 -0.085316993 0.009707764 0.996306539 268.565826416
0.996422470 -0.001952373 0.084489502 2.392620087 0.002703119 0.999957800 -0.008772181 -4.455472469 -0.084468819 0.008969184 0.996385753 269.412902832
0.996390998 -0.001599504 0.084866852 2.450452805 0.002334902 0.999960601 -0.008566729 -4.467486382 -0.084849790 0.008733967 0.996355474 270.271514893
0.996460438 -0.001758851 0.084044121 2.513528824 0.002571306 0.999951005 -0.009559738 -4.487491608 -0.084023178 0.009742003 0.996416211 271.128234863
0.996580541 -0.001458954 0.082614727 2.571065903 0.002330410 0.999942660 -0.010453001 -4.503188133 -0.082594737 0.010609783 0.996526718 271.976165771
0.996738434 -0.001333251 0.080690384 2.619169235 0.002248927 0.999934137 -0.011258213 -4.527412415 -0.080670059 0.011402960 0.996675611 272.802490234
0.996837795 -0.000713397 0.079458520 2.671867371 0.001601476 0.999936998 -0.011113433 -4.551002026 -0.079445571 0.011205542 0.996776223 273.655487061
0.996966004 0.000434923 0.077836521 2.725959778 0.000464052 0.999933422 -0.011531045 -4.572407722 -0.077836350 0.011532179 0.996899426 274.506713867
0.997095406 0.001364175 0.076149933 2.752138138 -0.000524639 0.999938846 -0.011043685 -4.588921547 -0.076160342 0.010971656 0.997035265 275.333862305
0.997299969 0.001209373 0.073425844 2.804742813 -0.000443302 0.999945283 -0.010448658 -4.597808838 -0.073434472 0.010387895 0.997245967 276.200653076
0.997584701 -0.000028194 0.069460474 2.846700668 0.000565109 0.999970138 -0.007710158 -4.620203018 -0.069458194 0.007730789 0.997554898 277.029022217
0.997941256 -0.000886789 0.064129226 2.902554512 0.001268441 0.999981761 -0.005910834 -4.640047550 -0.064122811 0.005980010 0.997924149 277.882720947
0.998209536 -0.001762804 0.059786946 2.932046890 0.002061306 0.999985635 -0.004931441 -4.649594307 -0.059777398 0.005045851 0.998198926 278.701507568
0.998504817 -0.001844140 0.054631468 2.981021881 0.002067955 0.999989688 -0.004040529 -4.666972160 -0.054623451 0.004147463 0.998498380 279.514953613
0.998718977 -0.002150211 0.050555326 2.999463081 0.002356647 0.999989092 -0.004024155 -4.682199478 -0.050546121 0.004138140 0.998713195 280.324096680
0.998948038 -0.003297094 0.045739986 3.036374092 0.003469235 0.999987185 -0.003684551 -4.700841904 -0.045727260 0.003839357 0.998946548 281.125305176
0.999127328 -0.003402635 0.041627660 3.059167862 0.003579411 0.999984860 -0.004172824 -4.714485168 -0.041612837 0.004318186 0.999124467 281.910308838
0.999269724 -0.003052696 0.038085498 3.072825432 0.003218190 0.999985635 -0.004284794 -4.732375145 -0.038071875 0.004404233 0.999265254 282.665679932
0.999402642 -0.002869499 0.034439959 3.079762459 0.003015993 0.999986649 -0.004202440 -4.752160072 -0.034427434 0.004303800 0.999397933 283.405761719
